       -0.1000000E-01        0.0000000E+00       -0.1000000E-01
       -0.1000000E-01        0.0000000E+00       -0.1000000E-01
       -0.1000000E-01        0.0000000E+00       -0.1000000E-01
       -0.1000000E-01        0.0000000E+00       -0.1000000E-01
       -0.1000000E-01        0.0000000E+00       -0.1000000E-01
       -0.1000000E-01        0.0000000E+00       -0.1000000E-01
       -0.1000000E-01        0.0000000E+00       -0.1000000E-01
       -0.1000000E-01        0.0000000E+00       -0.1000000E-01
       -0.1000000E-01        0.0000000E+00       -0.1000000E-01
       -0.1000000E-01        0.0000000E+00       -0.1000000E-01
       -0.1000000E-01        0.0000000E+00       -0.1000000E-01
       -0.1000000E-01        0.0000000E+00       -0.1000000E-01
       -0.1000000E-01        0.0000000E+00       -0.1000000E-01
       -0.1000000E-01        0.0000000E+00       -0.1000000E-01
       -0.1000000E-01        0.0000000E+00       -0.1000000E-01
       -0.1000000E-01        0.0000000E+00       -0.1000000E-01
       -0.1000000E-01        0.0000000E+00       -0.1000000E-01
       -0.1000000E-01        0.0000000E+00       -0.1000000E-01
       -0.1000000E-01        0.0000000E+00       -0.1000000E-01
       -0.1000000E-01        0.0000000E+00       -0.1000000E-01
       -0.1000000E-01        0.0000000E+00       -0.1000000E-01
       -0.1000000E-01        0.0000000E+00       -0.1000000E-01
       -0.1000000E-01        0.0000000E+00       -0.1000000E-01
       -0.1000000E-01        0.0000000E+00       -0.1000000E-01
       -0.1000000E-01        0.0000000E+00       -0.1000000E-01
       -0.1000000E-01        0.0000000E+00       -0.1000000E-01
       -0.1000000E-01        0.0000000E+00       -0.1000000E-01
       -0.1000000E-01        0.0000000E+00       -0.1000000E-01
       -0.1000000E-01        0.0000000E+00       -0.1000000E-01
       -0.1000000E-01        0.0000000E+00       -0.1000000E-01
       -0.1000000E-01        0.0000000E+00       -0.1000000E-01
       -0.1000000E-01        0.0000000E+00       -0.1000000E-01
       -0.1000000E-01        0.0000000E+00       -0.1000000E-01
       -0.1000000E-01        0.0000000E+00       -0.1000000E-01
       -0.1000000E-01        0.0000000E+00       -0.1000000E-01
       -0.1000000E-01        0.0000000E+00       -0.1000000E-01
       -0.1000000E-01        0.0000000E+00       -0.1000000E-01
       -0.1000000E-01        0.0000000E+00       -0.1000000E-01
       -0.1000000E-01        0.0000000E+00       -0.1000000E-01
       -0.1000000E-01        0.0000000E+00       -0.1000000E-01
       -0.1000000E-01        0.0000000E+00       -0.1000000E-01
       -0.1000000E-01        0.0000000E+00       -0.1000000E-01
       -0.1000000E-01        0.0000000E+00       -0.1000000E-01
       -0.1000000E-01        0.0000000E+00       -0.1000000E-01
       -0.1000000E-01        0.0000000E+00       -0.1000000E-01
       -0.1000000E-01        0.0000000E+00       -0.1000000E-01
       -0.1000000E-01        0.0000000E+00       -0.1000000E-01
       -0.1000000E-01        0.0000000E+00       -0.1000000E-01
       -0.1000000E-01        0.0000000E+00       -0.1000000E-01
       -0.1000000E-01        0.0000000E+00       -0.1000000E-01
       -0.1000000E-01        0.0000000E+00       -0.1000000E-01
       -0.1000000E-01        0.0000000E+00       -0.1000000E-01
       -0.1000000E-01        0.0000000E+00       -0.1000000E-01
       -0.1000000E-01        0.0000000E+00       -0.1000000E-01
       -0.1000000E-01        0.0000000E+00       -0.1000000E-01
       -0.1000000E-01        0.0000000E+00       -0.1000000E-01
       -0.1000000E-01        0.0000000E+00       -0.1000000E-01
       -0.1000000E-01        0.0000000E+00       -0.1000000E-01
       -0.1000000E-01        0.0000000E+00       -0.1000000E-01
       -0.1000000E-01        0.0000000E+00       -0.1000000E-01
       -0.1000000E-01        0.0000000E+00       -0.1000000E-01
       -0.1000000E-01        0.0000000E+00       -0.1000000E-01
       -0.1000000E-01        0.0000000E+00       -0.1000000E-01
       -0.1000000E-01        0.0000000E+00       -0.1000000E-01
       -0.1000000E-01        0.0000000E+00       -0.1000000E-01
       -0.1000000E-01        0.0000000E+00       -0.1000000E-01
       -0.1000000E-01        0.0000000E+00       -0.1000000E-01
       -0.1000000E-01        0.0000000E+00       -0.1000000E-01
       -0.1000000E-01        0.0000000E+00       -0.1000000E-01
       -0.1000000E-01        0.0000000E+00       -0.1000000E-01
       -0.1000000E-01        0.0000000E+00       -0.1000000E-01
       -0.1000000E-01        0.0000000E+00       -0.1000000E-01
       -0.1000000E-01        0.0000000E+00       -0.1000000E-01
       -0.1000000E-01        0.0000000E+00       -0.1000000E-01
       -0.1000000E-01        0.0000000E+00       -0.1000000E-01
       -0.1000000E-01        0.0000000E+00       -0.1000000E-01
       -0.1000000E-01        0.0000000E+00       -0.1000000E-01
       -0.1000000E-01        0.0000000E+00       -0.1000000E-01
       -0.1000000E-01        0.0000000E+00       -0.1000000E-01
       -0.1000000E-01        0.0000000E+00       -0.1000000E-01
       -0.1000000E-01        0.0000000E+00       -0.1000000E-01
       -0.1000000E-01        0.0000000E+00       -0.1000000E-01
       -0.1000000E-01        0.0000000E+00       -0.1000000E-01
       -0.1000000E-01        0.0000000E+00       -0.1000000E-01
       -0.1000000E-01        0.0000000E+00       -0.1000000E-01
       -0.1000000E-01        0.0000000E+00       -0.1000000E-01
       -0.1000000E-01        0.0000000E+00       -0.1000000E-01
       -0.1000000E-01        0.0000000E+00       -0.1000000E-01
       -0.1000000E-01        0.0000000E+00       -0.1000000E-01
       -0.1000000E-01        0.0000000E+00       -0.1000000E-01
       -0.1000000E-01        0.0000000E+00       -0.1000000E-01
       -0.1000000E-01        0.0000000E+00       -0.1000000E-01
       -0.1000000E-01        0.0000000E+00       -0.1000000E-01
       -0.1000000E-01        0.0000000E+00       -0.1000000E-01
       -0.1000000E-01        0.0000000E+00       -0.1000000E-01
       -0.1000000E-01        0.0000000E+00       -0.1000000E-01
       -0.1000000E-01        0.0000000E+00       -0.1000000E-01
       -0.1000000E-01        0.0000000E+00       -0.1000000E-01
       -0.1000000E-01        0.0000000E+00       -0.1000000E-01
       -0.1000000E-01        0.0000000E+00       -0.1000000E-01
       -0.1000000E-01        0.0000000E+00       -0.1000000E-01
       -0.9997533E-02        0.0000000E+00       -0.9997533E-02
       -0.9990134E-02        0.0000000E+00       -0.9990134E-02
       -0.9977810E-02        0.0000000E+00       -0.9977810E-02
       -0.9960574E-02        0.0000000E+00       -0.9960574E-02
       -0.9938442E-02        0.0000000E+00       -0.9938442E-02
       -0.9911436E-02        0.0000000E+00       -0.9911436E-02
       -0.9879584E-02        0.0000000E+00       -0.9879584E-02
       -0.9842916E-02        0.0000000E+00       -0.9842916E-02
       -0.9801468E-02        0.0000000E+00       -0.9801468E-02
       -0.9755283E-02        0.0000000E+00       -0.9755283E-02
       -0.9704404E-02        0.0000000E+00       -0.9704404E-02
       -0.9648882E-02        0.0000000E+00       -0.9648882E-02
       -0.9588773E-02        0.0000000E+00       -0.9588773E-02
       -0.9524135E-02        0.0000000E+00       -0.9524135E-02
       -0.9455033E-02        0.0000000E+00       -0.9455033E-02
       -0.9381533E-02        0.0000000E+00       -0.9381533E-02
       -0.9303710E-02        0.0000000E+00       -0.9303710E-02
       -0.9221640E-02        0.0000000E+00       -0.9221640E-02
       -0.9135403E-02        0.0000000E+00       -0.9135403E-02
       -0.9045085E-02        0.0000000E+00       -0.9045085E-02
       -0.8950775E-02        0.0000000E+00       -0.8950775E-02
       -0.8852566E-02        0.0000000E+00       -0.8852566E-02
       -0.8750555E-02        0.0000000E+00       -0.8750555E-02
       -0.8644843E-02        0.0000000E+00       -0.8644843E-02
       -0.8535534E-02        0.0000000E+00       -0.8535534E-02
       -0.8422736E-02        0.0000000E+00       -0.8422736E-02
       -0.8306559E-02        0.0000000E+00       -0.8306559E-02
       -0.8187120E-02        0.0000000E+00       -0.8187120E-02
       -0.8064535E-02        0.0000000E+00       -0.8064535E-02
       -0.7938926E-02        0.0000000E+00       -0.7938926E-02
       -0.7810417E-02        0.0000000E+00       -0.7810417E-02
       -0.7679134E-02        0.0000000E+00       -0.7679134E-02
       -0.7545207E-02        0.0000000E+00       -0.7545207E-02
       -0.7408768E-02        0.0000000E+00       -0.7408768E-02
       -0.7269952E-02        0.0000000E+00       -0.7269952E-02
       -0.7128896E-02        0.0000000E+00       -0.7128896E-02
       -0.6985739E-02        0.0000000E+00       -0.6985739E-02
       -0.6840623E-02        0.0000000E+00       -0.6840623E-02
       -0.6693690E-02        0.0000000E+00       -0.6693690E-02
       -0.6545085E-02        0.0000000E+00       -0.6545085E-02
       -0.6394956E-02        0.0000000E+00       -0.6394956E-02
       -0.6243449E-02        0.0000000E+00       -0.6243449E-02
       -0.6090716E-02        0.0000000E+00       -0.6090716E-02
       -0.5936907E-02        0.0000000E+00       -0.5936907E-02
       -0.5782172E-02        0.0000000E+00       -0.5782172E-02
       -0.5626666E-02        0.0000000E+00       -0.5626666E-02
       -0.5470542E-02        0.0000000E+00       -0.5470542E-02
       -0.5313953E-02        0.0000000E+00       -0.5313953E-02
       -0.5157054E-02        0.0000000E+00       -0.5157054E-02
       -0.5000000E-02        0.0000000E+00       -0.5000000E-02
       -0.4842946E-02        0.0000000E+00       -0.4842946E-02
       -0.4686047E-02        0.0000000E+00       -0.4686047E-02
       -0.4529458E-02        0.0000000E+00       -0.4529458E-02
       -0.4373334E-02        0.0000000E+00       -0.4373334E-02
       -0.4217828E-02        0.0000000E+00       -0.4217828E-02
       -0.4063093E-02        0.0000000E+00       -0.4063093E-02
       -0.3909284E-02        0.0000000E+00       -0.3909284E-02
       -0.3756551E-02        0.0000000E+00       -0.3756551E-02
       -0.3605044E-02        0.0000000E+00       -0.3605044E-02
       -0.3454915E-02        0.0000000E+00       -0.3454915E-02
       -0.3306310E-02        0.0000000E+00       -0.3306310E-02
       -0.3159377E-02        0.0000000E+00       -0.3159377E-02
       -0.3014261E-02        0.0000000E+00       -0.3014261E-02
       -0.2871104E-02        0.0000000E+00       -0.2871104E-02
       -0.2730048E-02        0.0000000E+00       -0.2730048E-02
       -0.2591232E-02        0.0000000E+00       -0.2591232E-02
       -0.2454793E-02        0.0000000E+00       -0.2454793E-02
       -0.2320866E-02        0.0000000E+00       -0.2320866E-02
       -0.2189583E-02        0.0000000E+00       -0.2189583E-02
       -0.2061074E-02        0.0000000E+00       -0.2061074E-02
       -0.1935465E-02        0.0000000E+00       -0.1935465E-02
       -0.1812880E-02        0.0000000E+00       -0.1812880E-02
       -0.1693441E-02        0.0000000E+00       -0.1693441E-02
       -0.1577264E-02        0.0000000E+00       -0.1577264E-02
       -0.1464466E-02        0.0000000E+00       -0.1464466E-02
       -0.1355157E-02        0.0000000E+00       -0.1355157E-02
       -0.1249445E-02        0.0000000E+00       -0.1249445E-02
       -0.1147434E-02        0.0000000E+00       -0.1147434E-02
       -0.1049225E-02        0.0000000E+00       -0.1049225E-02
       -0.9549150E-03        0.0000000E+00       -0.9549150E-03
       -0.8645971E-03        0.0000000E+00       -0.8645971E-03
       -0.7783604E-03        0.0000000E+00       -0.7783604E-03
       -0.6962899E-03        0.0000000E+00       -0.6962899E-03
       -0.6184666E-03        0.0000000E+00       -0.6184666E-03
       -0.5449674E-03        0.0000000E+00       -0.5449674E-03
       -0.4758647E-03        0.0000000E+00       -0.4758647E-03
       -0.4112269E-03        0.0000000E+00       -0.4112269E-03
       -0.3511176E-03        0.0000000E+00       -0.3511176E-03
       -0.2955962E-03        0.0000000E+00       -0.2955962E-03
       -0.2447174E-03        0.0000000E+00       -0.2447174E-03
       -0.1985316E-03        0.0000000E+00       -0.1985316E-03
       -0.1570842E-03        0.0000000E+00       -0.1570842E-03
       -0.1204162E-03        0.0000000E+00       -0.1204162E-03
       -0.8856375E-04        0.0000000E+00       -0.8856375E-04
       -0.6155830E-04        0.0000000E+00       -0.6155830E-04
       -0.3942649E-04        0.0000000E+00       -0.3942649E-04
       -0.2219018E-04        0.0000000E+00       -0.2219018E-04
       -0.9866358E-05        0.0000000E+00       -0.9866358E-05
       -0.2467198E-05        0.0000000E+00       -0.2467198E-05
        0.0000000E+00        0.0000000E+00        0.0000000E+00
        0.0000000E+00        0.0000000E+00        0.0000000E+00
        0.0000000E+00        0.0000000E+00        0.0000000E+00
        0.0000000E+00        0.0000000E+00        0.0000000E+00
        0.0000000E+00        0.0000000E+00        0.0000000E+00
        0.0000000E+00        0.0000000E+00        0.0000000E+00
        0.0000000E+00        0.0000000E+00        0.0000000E+00
        0.0000000E+00        0.0000000E+00        0.0000000E+00
        0.0000000E+00        0.0000000E+00        0.0000000E+00
        0.0000000E+00        0.0000000E+00        0.0000000E+00
        0.0000000E+00        0.0000000E+00        0.0000000E+00
        0.0000000E+00        0.0000000E+00        0.0000000E+00
        0.0000000E+00        0.0000000E+00        0.0000000E+00
        0.0000000E+00        0.0000000E+00        0.0000000E+00
        0.0000000E+00        0.0000000E+00        0.0000000E+00
        0.0000000E+00        0.0000000E+00        0.0000000E+00
        0.0000000E+00        0.0000000E+00        0.0000000E+00
        0.0000000E+00        0.0000000E+00        0.0000000E+00
        0.0000000E+00        0.0000000E+00        0.0000000E+00
        0.0000000E+00        0.0000000E+00        0.0000000E+00
        0.0000000E+00        0.0000000E+00        0.0000000E+00
        0.0000000E+00        0.0000000E+00        0.0000000E+00
        0.0000000E+00        0.0000000E+00        0.0000000E+00
        0.0000000E+00        0.0000000E+00        0.0000000E+00
        0.0000000E+00        0.0000000E+00        0.0000000E+00
        0.0000000E+00        0.0000000E+00        0.0000000E+00
        0.0000000E+00        0.0000000E+00        0.0000000E+00
        0.0000000E+00        0.0000000E+00        0.0000000E+00
        0.0000000E+00        0.0000000E+00        0.0000000E+00
        0.0000000E+00        0.0000000E+00        0.0000000E+00
        0.0000000E+00        0.0000000E+00        0.0000000E+00
        0.0000000E+00        0.0000000E+00        0.0000000E+00
        0.0000000E+00        0.0000000E+00        0.0000000E+00
        0.0000000E+00        0.0000000E+00        0.0000000E+00
        0.0000000E+00        0.0000000E+00        0.0000000E+00
        0.0000000E+00        0.0000000E+00        0.0000000E+00
        0.0000000E+00        0.0000000E+00        0.0000000E+00
        0.0000000E+00        0.0000000E+00        0.0000000E+00
        0.0000000E+00        0.0000000E+00        0.0000000E+00
        0.0000000E+00        0.0000000E+00        0.0000000E+00
        0.0000000E+00        0.0000000E+00        0.0000000E+00
        0.0000000E+00        0.0000000E+00        0.0000000E+00
        0.0000000E+00        0.0000000E+00        0.0000000E+00
        0.0000000E+00        0.0000000E+00        0.0000000E+00
        0.0000000E+00        0.0000000E+00        0.0000000E+00
        0.0000000E+00        0.0000000E+00        0.0000000E+00
        0.0000000E+00        0.0000000E+00        0.0000000E+00
        0.0000000E+00        0.0000000E+00        0.0000000E+00
        0.0000000E+00        0.0000000E+00        0.0000000E+00
        0.0000000E+00        0.0000000E+00        0.0000000E+00
        0.0000000E+00        0.0000000E+00        0.0000000E+00
        0.0000000E+00        0.0000000E+00        0.0000000E+00
        0.0000000E+00        0.0000000E+00        0.0000000E+00
        0.0000000E+00        0.0000000E+00        0.0000000E+00
        0.0000000E+00        0.0000000E+00        0.0000000E+00
        0.0000000E+00        0.0000000E+00        0.0000000E+00
        0.0000000E+00        0.0000000E+00        0.0000000E+00
        0.0000000E+00        0.0000000E+00        0.0000000E+00
        0.0000000E+00        0.0000000E+00        0.0000000E+00
        0.0000000E+00        0.0000000E+00        0.0000000E+00
        0.0000000E+00        0.0000000E+00        0.0000000E+00
        0.0000000E+00        0.0000000E+00        0.0000000E+00
        0.0000000E+00        0.0000000E+00        0.0000000E+00
        0.0000000E+00        0.0000000E+00        0.0000000E+00
        0.0000000E+00        0.0000000E+00        0.0000000E+00
        0.0000000E+00        0.0000000E+00        0.0000000E+00
        0.0000000E+00        0.0000000E+00        0.0000000E+00
        0.0000000E+00        0.0000000E+00        0.0000000E+00
        0.0000000E+00        0.0000000E+00        0.0000000E+00
        0.0000000E+00        0.0000000E+00        0.0000000E+00
        0.0000000E+00        0.0000000E+00        0.0000000E+00
        0.0000000E+00        0.0000000E+00        0.0000000E+00
        0.0000000E+00        0.0000000E+00        0.0000000E+00
        0.0000000E+00        0.0000000E+00        0.0000000E+00
        0.0000000E+00        0.0000000E+00        0.0000000E+00
        0.0000000E+00        0.0000000E+00        0.0000000E+00
        0.0000000E+00        0.0000000E+00        0.0000000E+00
        0.0000000E+00        0.0000000E+00        0.0000000E+00
        0.0000000E+00        0.0000000E+00        0.0000000E+00
        0.0000000E+00        0.0000000E+00        0.0000000E+00
        0.0000000E+00        0.0000000E+00        0.0000000E+00
        0.0000000E+00        0.0000000E+00        0.0000000E+00
        0.0000000E+00        0.0000000E+00        0.0000000E+00
        0.0000000E+00        0.0000000E+00        0.0000000E+00
        0.0000000E+00        0.0000000E+00        0.0000000E+00
        0.0000000E+00        0.0000000E+00        0.0000000E+00
        0.0000000E+00        0.0000000E+00        0.0000000E+00
        0.0000000E+00        0.0000000E+00        0.0000000E+00
        0.0000000E+00        0.0000000E+00        0.0000000E+00
        0.0000000E+00        0.0000000E+00        0.0000000E+00
        0.0000000E+00        0.0000000E+00        0.0000000E+00
        0.0000000E+00        0.0000000E+00        0.0000000E+00
        0.0000000E+00        0.0000000E+00        0.0000000E+00
        0.0000000E+00        0.0000000E+00        0.0000000E+00
        0.0000000E+00        0.0000000E+00        0.0000000E+00
        0.0000000E+00        0.0000000E+00        0.0000000E+00
        0.0000000E+00        0.0000000E+00        0.0000000E+00
        0.0000000E+00        0.0000000E+00        0.0000000E+00
        0.0000000E+00        0.0000000E+00        0.0000000E+00
        0.0000000E+00        0.0000000E+00        0.0000000E+00
        0.0000000E+00        0.0000000E+00        0.0000000E+00
       -0.9997533E-02        0.2609285E-02       -0.7388248E-02
       -0.9990143E-02        0.2601775E-02       -0.7388369E-02
       -0.9977866E-02        0.2589183E-02       -0.7388683E-02
       -0.9960763E-02        0.2571476E-02       -0.7389287E-02
       -0.9938916E-02        0.2548645E-02       -0.7390271E-02
       -0.9912433E-02        0.2520710E-02       -0.7391723E-02
       -0.9881444E-02        0.2487721E-02       -0.7393723E-02
       -0.9846104E-02        0.2449756E-02       -0.7396348E-02
       -0.9806586E-02        0.2406923E-02       -0.7399663E-02
       -0.9763087E-02        0.2359358E-02       -0.7403729E-02
       -0.9715821E-02        0.2307227E-02       -0.7408594E-02
       -0.9665022E-02        0.2250722E-02       -0.7414299E-02
       -0.9610938E-02        0.2190064E-02       -0.7420874E-02
       -0.9553833E-02        0.2125495E-02       -0.7428338E-02
       -0.9493986E-02        0.2057286E-02       -0.7436700E-02
       -0.9431682E-02        0.1985726E-02       -0.7445956E-02
       -0.9367221E-02        0.1911126E-02       -0.7456095E-02
       -0.9300906E-02        0.1833815E-02       -0.7467091E-02
       -0.9233049E-02        0.1754137E-02       -0.7478912E-02
       -0.9163961E-02        0.1672449E-02       -0.7491512E-02
       -0.9093959E-02        0.1589121E-02       -0.7504838E-02
       -0.9023357E-02        0.1504528E-02       -0.7518830E-02
       -0.8952470E-02        0.1419054E-02       -0.7533415E-02
       -0.8881605E-02        0.1333087E-02       -0.7548518E-02
       -0.8811068E-02        0.1247013E-02       -0.7564055E-02
       -0.8741157E-02        0.1161220E-02       -0.7579937E-02
       -0.8672163E-02        0.1076092E-02       -0.7596071E-02
       -0.8604366E-02        0.9920070E-03       -0.7612359E-02
       -0.8538040E-02        0.9093360E-03       -0.7628704E-02
       -0.8473444E-02        0.8284410E-03       -0.7645003E-02
       -0.8410828E-02        0.7496731E-03       -0.7661155E-02
       -0.8350430E-02        0.6733708E-03       -0.7677059E-02
       -0.8292473E-02        0.5998593E-03       -0.7692614E-02
       -0.8237170E-02        0.5294483E-03       -0.7707722E-02
       -0.8184719E-02        0.4624318E-03       -0.7722287E-02
       -0.8135304E-02        0.3990869E-03       -0.7736217E-02
       -0.8089096E-02        0.3396725E-03       -0.7749424E-02
       -0.8046253E-02        0.2844294E-03       -0.7761824E-02
       -0.8006917E-02        0.2335793E-03       -0.7773338E-02
       -0.7971219E-02        0.1873244E-03       -0.7783895E-02
       -0.7939274E-02        0.1458471E-03       -0.7793427E-02
       -0.7911185E-02        0.1093096E-03       -0.7801875E-02
       -0.7887040E-02        0.7785380E-04       -0.7809186E-02
       -0.7866916E-02        0.5160112E-04       -0.7815315E-02
       -0.7850875E-02        0.3065229E-04       -0.7820222E-02
       -0.7838966E-02        0.1508735E-04       -0.7823879E-02
       -0.7831226E-02        0.4965533E-05       -0.7826261E-02
       -0.7827679E-02        0.3252870E-06       -0.7827354E-02
       -0.7828336E-02        0.1184199E-05       -0.7827152E-02
       -0.7833194E-02        0.7539015E-05       -0.7825655E-02
       -0.7842238E-02        0.1936563E-04       -0.7822873E-02
       -0.7855442E-02        0.3661911E-04       -0.7818823E-02
       -0.7872764E-02        0.5923372E-04       -0.7813530E-02
       -0.7894151E-02        0.8712294E-04       -0.7807028E-02
       -0.7919536E-02        0.1201796E-03       -0.7799357E-02
       -0.7948840E-02        0.1582758E-03       -0.7790564E-02
       -0.7981969E-02        0.2012634E-03       -0.7780705E-02
       -0.8018816E-02        0.2489737E-03       -0.7769842E-02
       -0.8059261E-02        0.3012182E-03       -0.7758043E-02
       -0.8103171E-02        0.3577885E-03       -0.7745383E-02
       -0.8150398E-02        0.4184570E-03       -0.7731941E-02
       -0.8200780E-02        0.4829772E-03       -0.7717803E-02
       -0.8254142E-02        0.5510842E-03       -0.7703058E-02
       -0.8310296E-02        0.6224957E-03       -0.7687800E-02
       -0.8369038E-02        0.6969127E-03       -0.7672125E-02
       -0.8430154E-02        0.7740204E-03       -0.7656133E-02
       -0.8493414E-02        0.8534896E-03       -0.7639924E-02
       -0.8558577E-02        0.9349773E-03       -0.7623600E-02
       -0.8625392E-02        0.1018129E-02       -0.7607262E-02
       -0.8693592E-02        0.1102580E-02       -0.7591012E-02
       -0.8762903E-02        0.1187957E-02       -0.7574946E-02
       -0.8833041E-02        0.1273879E-02       -0.7559162E-02
       -0.8903712E-02        0.1359961E-02       -0.7543752E-02
       -0.8974617E-02        0.1445816E-02       -0.7528801E-02
       -0.9045449E-02        0.1531056E-02       -0.7514393E-02
       -0.9115897E-02        0.1615295E-02       -0.7500603E-02
       -0.9185648E-02        0.1698151E-02       -0.7487496E-02
       -0.9254385E-02        0.1779251E-02       -0.7475134E-02
       -0.9321795E-02        0.1858227E-02       -0.7463567E-02
       -0.9387563E-02        0.1934728E-02       -0.7452835E-02
       -0.9451383E-02        0.2008413E-02       -0.7442970E-02
       -0.9512951E-02        0.2078959E-02       -0.7433992E-02
       -0.9571973E-02        0.2146062E-02       -0.7425911E-02
       -0.9628163E-02        0.2209437E-02       -0.7418726E-02
       -0.9681249E-02        0.2268824E-02       -0.7412426E-02
       -0.9730972E-02        0.2323985E-02       -0.7406986E-02
       -0.9777085E-02        0.2374710E-02       -0.7402376E-02
       -0.9819363E-02        0.2420813E-02       -0.7398550E-02
       -0.9857596E-02        0.2462139E-02       -0.7395457E-02
       -0.9891596E-02        0.2498561E-02       -0.7393035E-02
       -0.9921193E-02        0.2529978E-02       -0.7391214E-02
       -0.9946241E-02        0.2556324E-02       -0.7389917E-02
       -0.9966617E-02        0.2577556E-02       -0.7389062E-02
       -0.9982222E-02        0.2593663E-02       -0.7388558E-02
       -0.9992978E-02        0.2604663E-02       -0.7388315E-02
       -0.9998833E-02        0.2610598E-02       -0.7388235E-02
       -0.1000000E-01        0.2612307E-02       -0.7387693E-02
       -0.1000000E-01        0.2612307E-02       -0.7387693E-02
       -0.1000000E-01        0.2612307E-02       -0.7387693E-02
       -0.1000000E-01        0.2612307E-02       -0.7387693E-02
       -0.1000000E-01        0.2612307E-02       -0.7387693E-02
       -0.1000000E-01        0.2612307E-02       -0.7387693E-02
       -0.1000000E-01        0.2612307E-02       -0.7387693E-02
       -0.1000000E-01        0.2612307E-02       -0.7387693E-02
       -0.1000000E-01        0.2612307E-02       -0.7387693E-02
       -0.1000000E-01        0.2612307E-02       -0.7387693E-02
       -0.1000000E-01        0.2612307E-02       -0.7387693E-02
       -0.1000000E-01        0.2612307E-02       -0.7387693E-02
       -0.1000000E-01        0.2612307E-02       -0.7387693E-02
       -0.1000000E-01        0.2612307E-02       -0.7387693E-02
       -0.1000000E-01        0.2612307E-02       -0.7387693E-02
       -0.1000000E-01        0.2612307E-02       -0.7387693E-02
       -0.1000000E-01        0.2612307E-02       -0.7387693E-02
       -0.1000000E-01        0.2612307E-02       -0.7387693E-02
       -0.1000000E-01        0.2612307E-02       -0.7387693E-02
       -0.1000000E-01        0.2612307E-02       -0.7387693E-02
       -0.1000000E-01        0.2612307E-02       -0.7387693E-02
       -0.1000000E-01        0.2612307E-02       -0.7387693E-02
       -0.1000000E-01        0.2612307E-02       -0.7387693E-02
       -0.1000000E-01        0.2612307E-02       -0.7387693E-02
       -0.1000000E-01        0.2612307E-02       -0.7387693E-02
       -0.1000000E-01        0.2612307E-02       -0.7387693E-02
       -0.1000000E-01        0.2612307E-02       -0.7387693E-02
       -0.1000000E-01        0.2612307E-02       -0.7387693E-02
       -0.1000000E-01        0.2612307E-02       -0.7387693E-02
       -0.1000000E-01        0.2612307E-02       -0.7387693E-02
       -0.1000000E-01        0.2612307E-02       -0.7387693E-02
       -0.1000000E-01        0.2612307E-02       -0.7387693E-02
       -0.1000000E-01        0.2612307E-02       -0.7387693E-02
       -0.1000000E-01        0.2612307E-02       -0.7387693E-02
       -0.1000000E-01        0.2612307E-02       -0.7387693E-02
       -0.1000000E-01        0.2612307E-02       -0.7387693E-02
       -0.1000000E-01        0.2612307E-02       -0.7387693E-02
       -0.1000000E-01        0.2612307E-02       -0.7387693E-02
       -0.1000000E-01        0.2612307E-02       -0.7387693E-02
       -0.1000000E-01        0.2612307E-02       -0.7387693E-02
       -0.1000000E-01        0.2612307E-02       -0.7387693E-02
       -0.1000000E-01        0.2612307E-02       -0.7387693E-02
       -0.1000000E-01        0.2612307E-02       -0.7387693E-02
       -0.1000000E-01        0.2612307E-02       -0.7387693E-02
       -0.1000000E-01        0.2612307E-02       -0.7387693E-02
       -0.1000000E-01        0.2612307E-02       -0.7387693E-02
       -0.1000000E-01        0.2612307E-02       -0.7387693E-02
       -0.1000000E-01        0.2612307E-02       -0.7387693E-02
       -0.1000000E-01        0.2612307E-02       -0.7387693E-02
       -0.1000000E-01        0.2612307E-02       -0.7387693E-02
       -0.1000000E-01        0.2612307E-02       -0.7387693E-02
       -0.1000000E-01        0.2612307E-02       -0.7387693E-02
       -0.1000000E-01        0.2612307E-02       -0.7387693E-02
       -0.1000000E-01        0.2612307E-02       -0.7387693E-02
       -0.1000000E-01        0.2612307E-02       -0.7387693E-02
       -0.1000000E-01        0.2612307E-02       -0.7387693E-02
       -0.1000000E-01        0.2612307E-02       -0.7387693E-02
       -0.1000000E-01        0.2612307E-02       -0.7387693E-02
       -0.1000000E-01        0.2612307E-02       -0.7387693E-02
       -0.1000000E-01        0.2612307E-02       -0.7387693E-02
       -0.1000000E-01        0.2612307E-02       -0.7387693E-02
       -0.1000000E-01        0.2612307E-02       -0.7387693E-02
       -0.1000000E-01        0.2612307E-02       -0.7387693E-02
       -0.1000000E-01        0.2612307E-02       -0.7387693E-02
       -0.1000000E-01        0.2612307E-02       -0.7387693E-02
       -0.1000000E-01        0.2612307E-02       -0.7387693E-02
       -0.1000000E-01        0.2612307E-02       -0.7387693E-02
       -0.1000000E-01        0.2612307E-02       -0.7387693E-02
       -0.1000000E-01        0.2612307E-02       -0.7387693E-02
       -0.1000000E-01        0.2612307E-02       -0.7387693E-02
       -0.1000000E-01        0.2612307E-02       -0.7387693E-02
       -0.1000000E-01        0.2612307E-02       -0.7387693E-02
       -0.1000000E-01        0.2612307E-02       -0.7387693E-02
       -0.1000000E-01        0.2612307E-02       -0.7387693E-02
       -0.1000000E-01        0.2612307E-02       -0.7387693E-02
       -0.1000000E-01        0.2612307E-02       -0.7387693E-02
       -0.1000000E-01        0.2612307E-02       -0.7387693E-02
       -0.1000000E-01        0.2612307E-02       -0.7387693E-02
       -0.1000000E-01        0.2612307E-02       -0.7387693E-02
       -0.1000000E-01        0.2612307E-02       -0.7387693E-02
       -0.1000000E-01        0.2612307E-02       -0.7387693E-02
       -0.1000000E-01        0.2612307E-02       -0.7387693E-02
       -0.1000000E-01        0.2612307E-02       -0.7387693E-02
       -0.1000000E-01        0.2612307E-02       -0.7387693E-02
       -0.1000000E-01        0.2612307E-02       -0.7387693E-02
       -0.1000000E-01        0.2612307E-02       -0.7387693E-02
       -0.1000000E-01        0.2612307E-02       -0.7387693E-02
       -0.1000000E-01        0.2612307E-02       -0.7387693E-02
       -0.1000000E-01        0.2612307E-02       -0.7387693E-02
       -0.1000000E-01        0.2612307E-02       -0.7387693E-02
       -0.1000000E-01        0.2612307E-02       -0.7387693E-02
       -0.1000000E-01        0.2612307E-02       -0.7387693E-02
       -0.1000000E-01        0.2612307E-02       -0.7387693E-02
       -0.1000000E-01        0.2612307E-02       -0.7387693E-02
       -0.1000000E-01        0.2612307E-02       -0.7387693E-02
       -0.1000000E-01        0.2612307E-02       -0.7387693E-02
       -0.1000000E-01        0.2612307E-02       -0.7387693E-02
       -0.1000000E-01        0.2612307E-02       -0.7387693E-02
       -0.1000000E-01        0.2612307E-02       -0.7387693E-02
       -0.1000000E-01        0.2612307E-02       -0.7387693E-02
       -0.1000000E-01        0.2612307E-02       -0.7387693E-02
       -0.1000000E-01        0.2612307E-02       -0.7387693E-02
       -0.1000000E-01        0.2612307E-02       -0.7387693E-02
       -0.1000000E-01        0.2612307E-02       -0.7387693E-02
       -0.1000000E-01        0.2612307E-02       -0.7387693E-02
       -0.1000000E-01        0.2612307E-02       -0.7387693E-02
       -0.1000000E-01        0.2612307E-02       -0.7387693E-02
       -0.1000000E-01        0.2612307E-02       -0.7387693E-02
       -0.1000000E-01        0.2612307E-02       -0.7387693E-02
       -0.1000000E-01        0.2612307E-02       -0.7387693E-02
       -0.1000000E-01        0.2612307E-02       -0.7387693E-02
       -0.1000000E-01        0.2612307E-02       -0.7387693E-02
       -0.1000000E-01        0.2612307E-02       -0.7387693E-02
       -0.1000000E-01        0.2612307E-02       -0.7387693E-02
       -0.1000000E-01        0.2612307E-02       -0.7387693E-02
       -0.1000000E-01        0.2612307E-02       -0.7387693E-02
       -0.1000000E-01        0.2612307E-02       -0.7387693E-02
       -0.1000000E-01        0.2612307E-02       -0.7387693E-02
       -0.1000000E-01        0.2612307E-02       -0.7387693E-02
       -0.1000000E-01        0.2612307E-02       -0.7387693E-02
       -0.1000000E-01        0.2612307E-02       -0.7387693E-02
       -0.1000000E-01        0.2612307E-02       -0.7387693E-02
       -0.1000000E-01        0.2612307E-02       -0.7387693E-02
       -0.1000000E-01        0.2612307E-02       -0.7387693E-02
       -0.1000000E-01        0.2612307E-02       -0.7387693E-02
       -0.1000000E-01        0.2612307E-02       -0.7387693E-02
       -0.1000000E-01        0.2612307E-02       -0.7387693E-02
       -0.1000000E-01        0.2612307E-02       -0.7387693E-02
       -0.1000000E-01        0.2612307E-02       -0.7387693E-02
       -0.1000000E-01        0.2612307E-02       -0.7387693E-02
       -0.1000000E-01        0.2612307E-02       -0.7387693E-02
       -0.1000000E-01        0.2612307E-02       -0.7387693E-02
       -0.1000000E-01        0.2612307E-02       -0.7387693E-02
       -0.1000000E-01        0.2612307E-02       -0.7387693E-02
       -0.1000000E-01        0.2612307E-02       -0.7387693E-02
       -0.1000000E-01        0.2612307E-02       -0.7387693E-02
       -0.1000000E-01        0.2612307E-02       -0.7387693E-02
       -0.1000000E-01        0.2612307E-02       -0.7387693E-02
       -0.1000000E-01        0.2612307E-02       -0.7387693E-02
       -0.1000000E-01        0.2612307E-02       -0.7387693E-02
       -0.1000000E-01        0.2612307E-02       -0.7387693E-02
       -0.1000000E-01        0.2612307E-02       -0.7387693E-02
       -0.1000000E-01        0.2612307E-02       -0.7387693E-02
       -0.1000000E-01        0.2612307E-02       -0.7387693E-02
       -0.1000000E-01        0.2612307E-02       -0.7387693E-02
       -0.1000000E-01        0.2612307E-02       -0.7387693E-02
       -0.1000000E-01        0.2612307E-02       -0.7387693E-02
       -0.1000000E-01        0.2612307E-02       -0.7387693E-02
       -0.1000000E-01        0.2612307E-02       -0.7387693E-02
       -0.1000000E-01        0.2612307E-02       -0.7387693E-02
       -0.1000000E-01        0.2612307E-02       -0.7387693E-02
       -0.1000000E-01        0.2612307E-02       -0.7387693E-02
       -0.1000000E-01        0.2612307E-02       -0.7387693E-02
       -0.1000000E-01        0.2612307E-02       -0.7387693E-02
       -0.1000000E-01        0.2612307E-02       -0.7387693E-02
       -0.1000000E-01        0.2612307E-02       -0.7387693E-02
       -0.1000000E-01        0.2612307E-02       -0.7387693E-02
       -0.1000000E-01        0.2612307E-02       -0.7387693E-02
       -0.1000000E-01        0.2612307E-02       -0.7387693E-02
       -0.1000000E-01        0.2612307E-02       -0.7387693E-02
       -0.1000000E-01        0.2612307E-02       -0.7387693E-02
       -0.1000000E-01        0.2612307E-02       -0.7387693E-02
       -0.1000000E-01        0.2612307E-02       -0.7387693E-02
       -0.1000000E-01        0.2612307E-02       -0.7387693E-02
       -0.1000000E-01        0.2612307E-02       -0.7387693E-02
       -0.1000000E-01        0.2612307E-02       -0.7387693E-02
       -0.1000000E-01        0.2612307E-02       -0.7387693E-02
       -0.1000000E-01        0.2612307E-02       -0.7387693E-02
       -0.1000000E-01        0.2612307E-02       -0.7387693E-02
       -0.1000000E-01        0.2612307E-02       -0.7387693E-02
       -0.1000000E-01        0.2612307E-02       -0.7387693E-02
       -0.1000000E-01        0.2612307E-02       -0.7387693E-02
       -0.1000000E-01        0.2612307E-02       -0.7387693E-02
       -0.1000000E-01        0.2612307E-02       -0.7387693E-02
       -0.1000000E-01        0.2612307E-02       -0.7387693E-02
       -0.1000000E-01        0.2612307E-02       -0.7387693E-02
       -0.1000000E-01        0.2612307E-02       -0.7387693E-02
       -0.1000000E-01        0.2612307E-02       -0.7387693E-02
       -0.1000000E-01        0.2612307E-02       -0.7387693E-02
       -0.1000000E-01        0.2612307E-02       -0.7387693E-02
       -0.1000000E-01        0.2612307E-02       -0.7387693E-02
       -0.1000000E-01        0.2612307E-02       -0.7387693E-02
       -0.1000000E-01        0.2612307E-02       -0.7387693E-02
       -0.1000000E-01        0.2612307E-02       -0.7387693E-02
       -0.1000000E-01        0.2612307E-02       -0.7387693E-02
       -0.1000000E-01        0.2612307E-02       -0.7387693E-02
       -0.1000000E-01        0.2612307E-02       -0.7387693E-02
       -0.1000000E-01        0.2612307E-02       -0.7387693E-02
       -0.1000000E-01        0.2612307E-02       -0.7387693E-02
       -0.1000000E-01        0.2612307E-02       -0.7387693E-02
       -0.1000000E-01        0.2612307E-02       -0.7387693E-02
       -0.1000000E-01        0.2612307E-02       -0.7387693E-02
       -0.1000000E-01        0.2612307E-02       -0.7387693E-02
       -0.1000000E-01        0.2612307E-02       -0.7387693E-02
       -0.1000000E-01        0.2612307E-02       -0.7387693E-02
       -0.1000000E-01        0.2612307E-02       -0.7387693E-02
       -0.1000000E-01        0.2612307E-02       -0.7387693E-02
       -0.1000000E-01        0.2612307E-02       -0.7387693E-02
       -0.1000000E-01        0.2612307E-02       -0.7387693E-02
       -0.1000000E-01        0.2612307E-02       -0.7387693E-02
       -0.9999727E-02        0.2611483E-02       -0.7388244E-02
       -0.9995620E-02        0.2607331E-02       -0.7388289E-02
       -0.9986600E-02        0.2598137E-02       -0.7388463E-02
       -0.9972710E-02        0.2583847E-02       -0.7388864E-02
       -0.9954019E-02        0.2564435E-02       -0.7389584E-02
       -0.9930617E-02        0.2539903E-02       -0.7390714E-02
       -0.9902620E-02        0.2510280E-02       -0.7392340E-02
       -0.9870166E-02        0.2475626E-02       -0.7394540E-02
       -0.9833416E-02        0.2436029E-02       -0.7397387E-02
       -0.9792552E-02        0.2391606E-02       -0.7400946E-02
       -0.9747776E-02        0.2342503E-02       -0.7405272E-02
       -0.9699309E-02        0.2288895E-02       -0.7410413E-02
       -0.9647389E-02        0.2230984E-02       -0.7416405E-02
       -0.9592270E-02        0.2168997E-02       -0.7423274E-02
       -0.9534223E-02        0.2103187E-02       -0.7431036E-02
       -0.9473526E-02        0.2033831E-02       -0.7439695E-02
       -0.9410472E-02        0.1961225E-02       -0.7449247E-02
       -0.9345361E-02        0.1885687E-02       -0.7459674E-02
       -0.9278499E-02        0.1807550E-02       -0.7470949E-02
       -0.9210197E-02        0.1727164E-02       -0.7483034E-02
       -0.9140771E-02        0.1644889E-02       -0.7495882E-02
       -0.9070535E-02        0.1561098E-02       -0.7509437E-02
       -0.8999804E-02        0.1476170E-02       -0.7523634E-02
       -0.8928890E-02        0.1390490E-02       -0.7538400E-02
       -0.8858101E-02        0.1304445E-02       -0.7553657E-02
       -0.8787740E-02        0.1218422E-02       -0.7569318E-02
       -0.8718103E-02        0.1132808E-02       -0.7585294E-02
       -0.8649476E-02        0.1047986E-02       -0.7601490E-02
       -0.8582140E-02        0.9643311E-03       -0.7617809E-02
       -0.8516361E-02        0.8822117E-03       -0.7634149E-02
       -0.8452396E-02        0.8019862E-03       -0.7650410E-02
       -0.8390493E-02        0.7240019E-03       -0.7666491E-02
       -0.8330882E-02        0.6485929E-03       -0.7682289E-02
       -0.8273786E-02        0.5760793E-03       -0.7697707E-02
       -0.8219410E-02        0.5067659E-03       -0.7712644E-02
       -0.8167949E-02        0.4409411E-03       -0.7727008E-02
       -0.8119583E-02        0.3788759E-03       -0.7740707E-02
       -0.8074478E-02        0.3208233E-03       -0.7753655E-02
       -0.8032786E-02        0.2670180E-03       -0.7765768E-02
       -0.7994647E-02        0.2176750E-03       -0.7776972E-02
       -0.7960185E-02        0.1729900E-03       -0.7787195E-02
       -0.7929511E-02        0.1331388E-03       -0.7796373E-02
       -0.7902725E-02        0.9827690E-04       -0.7804448E-02
       -0.7879910E-02        0.6853930E-04       -0.7811370E-02
       -0.7861137E-02        0.4404058E-04       -0.7817097E-02
       -0.7846466E-02        0.2487460E-04       -0.7821591E-02
       -0.7835940E-02        0.1111449E-04       -0.7824826E-02
       -0.7829593E-02        0.2812569E-05       -0.7826781E-02
       -0.7827444E-02        0.3502102E-09       -0.7827443E-02
       -0.7829498E-02        0.2688490E-05       -0.7826810E-02
       -0.7835751E-02        0.1086680E-04       -0.7824884E-02
       -0.7846182E-02        0.2450424E-04       -0.7821678E-02
       -0.7860761E-02        0.4354897E-04       -0.7817212E-02
       -0.7879441E-02        0.6792831E-04       -0.7811513E-02
       -0.7902166E-02        0.9754888E-04       -0.7804617E-02
       -0.7928864E-02        0.1322966E-03       -0.7796567E-02
       -0.7959450E-02        0.1720368E-03       -0.7787413E-02
       -0.7993828E-02        0.2166146E-03       -0.7777214E-02
       -0.8031886E-02        0.2658545E-03       -0.7766031E-02
       -0.8073499E-02        0.3195615E-03       -0.7753937E-02
       -0.8118529E-02        0.3775207E-03       -0.7741008E-02
       -0.8166823E-02        0.4394981E-03       -0.7727325E-02
       -0.8218216E-02        0.5052410E-03       -0.7712975E-02
       -0.8272528E-02        0.5744788E-03       -0.7698049E-02
       -0.8329565E-02        0.6469235E-03       -0.7682642E-02
       -0.8389121E-02        0.7222706E-03       -0.7666851E-02
       -0.8450976E-02        0.8002005E-03       -0.7650775E-02
       -0.8514896E-02        0.8803792E-03       -0.7634517E-02
       -0.8580637E-02        0.9624598E-03       -0.7618177E-02
       -0.8647942E-02        0.1046084E-02       -0.7601858E-02
       -0.8716542E-02        0.1130884E-02       -0.7585658E-02
       -0.8786160E-02        0.1216484E-02       -0.7569676E-02
       -0.8856508E-02        0.1302502E-02       -0.7554006E-02
       -0.8927290E-02        0.1388551E-02       -0.7538739E-02
       -0.8998205E-02        0.1474244E-02       -0.7523961E-02
       -0.9068943E-02        0.1559193E-02       -0.7509750E-02
       -0.9139194E-02        0.1643014E-02       -0.7496180E-02
       -0.9208642E-02        0.1725326E-02       -0.7483315E-02
       -0.9276972E-02        0.1805759E-02       -0.7471213E-02
       -0.9343870E-02        0.1883951E-02       -0.7459919E-02
       -0.9409024E-02        0.1959551E-02       -0.7449473E-02
       -0.9472128E-02        0.2032227E-02       -0.7439901E-02
       -0.9532881E-02        0.2101660E-02       -0.7431221E-02
       -0.9590992E-02        0.2167553E-02       -0.7423439E-02
       -0.9646179E-02        0.2229629E-02       -0.7416550E-02
       -0.9698174E-02        0.2287635E-02       -0.7410539E-02
       -0.9746722E-02        0.2341343E-02       -0.7405379E-02
       -0.9791584E-02        0.2390549E-02       -0.7401035E-02
       -0.9832539E-02        0.2435079E-02       -0.7397459E-02
       -0.9869384E-02        0.2474787E-02       -0.7394597E-02
       -0.9901936E-02        0.2509553E-02       -0.7392383E-02
       -0.9930035E-02        0.2539290E-02       -0.7390745E-02
       -0.9953542E-02        0.2563937E-02       -0.7389605E-02
       -0.9972341E-02        0.2583465E-02       -0.7388876E-02
       -0.9986340E-02        0.2597871E-02       -0.7388470E-02
       -0.9995471E-02        0.2607180E-02       -0.7388291E-02
       -0.9999689E-02        0.2611445E-02       -0.7388244E-02
       -0.1000000E-01        0.2612324E-02       -0.7387676E-02
       -0.1000000E-01        0.2612324E-02       -0.7387676E-02
       -0.1000000E-01        0.2612324E-02       -0.7387676E-02
       -0.1000000E-01        0.2612324E-02       -0.7387676E-02
       -0.1000000E-01        0.2612324E-02       -0.7387676E-02
       -0.1000000E-01        0.2612324E-02       -0.7387676E-02
       -0.1000000E-01        0.2612324E-02       -0.7387676E-02
       -0.1000000E-01        0.2612324E-02       -0.7387676E-02
       -0.1000000E-01        0.2612324E-02       -0.7387676E-02
       -0.1000000E-01        0.2612324E-02       -0.7387676E-02
       -0.1000000E-01        0.2612324E-02       -0.7387676E-02
       -0.1000000E-01        0.2612324E-02       -0.7387676E-02
       -0.1000000E-01        0.2612324E-02       -0.7387676E-02
       -0.1000000E-01        0.2612324E-02       -0.7387676E-02
       -0.1000000E-01        0.2612324E-02       -0.7387676E-02
       -0.1000000E-01        0.2612324E-02       -0.7387676E-02
       -0.1000000E-01        0.2612324E-02       -0.7387676E-02
       -0.1000000E-01        0.2612324E-02       -0.7387676E-02
       -0.1000000E-01        0.2612324E-02       -0.7387676E-02
       -0.1000000E-01        0.2612324E-02       -0.7387676E-02
       -0.1000000E-01        0.2612324E-02       -0.7387676E-02
       -0.1000000E-01        0.2612324E-02       -0.7387676E-02
       -0.1000000E-01        0.2612324E-02       -0.7387676E-02
       -0.1000000E-01        0.2612324E-02       -0.7387676E-02
       -0.1000000E-01        0.2612324E-02       -0.7387676E-02
       -0.1000000E-01        0.2612324E-02       -0.7387676E-02
       -0.1000000E-01        0.2612324E-02       -0.7387676E-02
       -0.1000000E-01        0.2612324E-02       -0.7387676E-02
       -0.1000000E-01        0.2612324E-02       -0.7387676E-02
       -0.1000000E-01        0.2612324E-02       -0.7387676E-02
       -0.1000000E-01        0.2612324E-02       -0.7387676E-02
       -0.1000000E-01        0.2612324E-02       -0.7387676E-02
       -0.1000000E-01        0.2612324E-02       -0.7387676E-02
       -0.1000000E-01        0.2612324E-02       -0.7387676E-02
       -0.1000000E-01        0.2612324E-02       -0.7387676E-02
       -0.1000000E-01        0.2612324E-02       -0.7387676E-02
       -0.1000000E-01        0.2612324E-02       -0.7387676E-02
       -0.1000000E-01        0.2612324E-02       -0.7387676E-02
       -0.1000000E-01        0.2612324E-02       -0.7387676E-02
       -0.1000000E-01        0.2612324E-02       -0.7387676E-02
       -0.1000000E-01        0.2612324E-02       -0.7387676E-02
       -0.1000000E-01        0.2612324E-02       -0.7387676E-02
       -0.1000000E-01        0.2612324E-02       -0.7387676E-02
       -0.1000000E-01        0.2612324E-02       -0.7387676E-02
       -0.1000000E-01        0.2612324E-02       -0.7387676E-02
       -0.1000000E-01        0.2612324E-02       -0.7387676E-02
       -0.1000000E-01        0.2612324E-02       -0.7387676E-02
       -0.1000000E-01        0.2612324E-02       -0.7387676E-02
       -0.1000000E-01        0.2612324E-02       -0.7387676E-02
       -0.1000000E-01        0.2612324E-02       -0.7387676E-02
       -0.1000000E-01        0.2612324E-02       -0.7387676E-02
       -0.1000000E-01        0.2612324E-02       -0.7387676E-02
       -0.1000000E-01        0.2612324E-02       -0.7387676E-02
       -0.1000000E-01        0.2612324E-02       -0.7387676E-02
       -0.1000000E-01        0.2612324E-02       -0.7387676E-02
       -0.1000000E-01        0.2612324E-02       -0.7387676E-02
       -0.1000000E-01        0.2612324E-02       -0.7387676E-02
       -0.1000000E-01        0.2612324E-02       -0.7387676E-02
       -0.1000000E-01        0.2612324E-02       -0.7387676E-02
       -0.1000000E-01        0.2612324E-02       -0.7387676E-02
       -0.1000000E-01        0.2612324E-02       -0.7387676E-02
       -0.1000000E-01        0.2612324E-02       -0.7387676E-02
       -0.1000000E-01        0.2612324E-02       -0.7387676E-02
       -0.1000000E-01        0.2612324E-02       -0.7387676E-02
       -0.1000000E-01        0.2612324E-02       -0.7387676E-02
       -0.1000000E-01        0.2612324E-02       -0.7387676E-02
       -0.1000000E-01        0.2612324E-02       -0.7387676E-02
       -0.1000000E-01        0.2612324E-02       -0.7387676E-02
       -0.1000000E-01        0.2612324E-02       -0.7387676E-02
       -0.1000000E-01        0.2612324E-02       -0.7387676E-02
       -0.1000000E-01        0.2612324E-02       -0.7387676E-02
       -0.1000000E-01        0.2612324E-02       -0.7387676E-02
       -0.1000000E-01        0.2612324E-02       -0.7387676E-02
       -0.1000000E-01        0.2612324E-02       -0.7387676E-02
       -0.1000000E-01        0.2612324E-02       -0.7387676E-02
       -0.1000000E-01        0.2612324E-02       -0.7387676E-02
       -0.1000000E-01        0.2612324E-02       -0.7387676E-02
       -0.1000000E-01        0.2612324E-02       -0.7387676E-02
       -0.1000000E-01        0.2612324E-02       -0.7387676E-02
       -0.1000000E-01        0.2612324E-02       -0.7387676E-02
       -0.1000000E-01        0.2612324E-02       -0.7387676E-02
       -0.1000000E-01        0.2612324E-02       -0.7387676E-02
       -0.1000000E-01        0.2612324E-02       -0.7387676E-02
       -0.1000000E-01        0.2612324E-02       -0.7387676E-02
       -0.1000000E-01        0.2612324E-02       -0.7387676E-02
       -0.1000000E-01        0.2612324E-02       -0.7387676E-02
       -0.1000000E-01        0.2612324E-02       -0.7387676E-02
       -0.1000000E-01        0.2612324E-02       -0.7387676E-02
       -0.1000000E-01        0.2612324E-02       -0.7387676E-02
       -0.1000000E-01        0.2612324E-02       -0.7387676E-02
       -0.1000000E-01        0.2612324E-02       -0.7387676E-02
       -0.1000000E-01        0.2612324E-02       -0.7387676E-02
       -0.1000000E-01        0.2612324E-02       -0.7387676E-02
       -0.1000000E-01        0.2612324E-02       -0.7387676E-02
       -0.1000000E-01        0.2612324E-02       -0.7387676E-02
       -0.1000000E-01        0.2612324E-02       -0.7387676E-02
       -0.1000000E-01        0.2612324E-02       -0.7387676E-02
       -0.1000000E-01        0.2612324E-02       -0.7387676E-02
       -0.1000000E-01        0.2612324E-02       -0.7387676E-02
       -0.1000000E-01        0.2612324E-02       -0.7387676E-02
       -0.1000000E-01        0.2612324E-02       -0.7387676E-02
       -0.1000000E-01        0.2612324E-02       -0.7387676E-02
       -0.1000000E-01        0.2612324E-02       -0.7387676E-02
       -0.1000000E-01        0.2612324E-02       -0.7387676E-02
       -0.1000000E-01        0.2612324E-02       -0.7387676E-02
       -0.1000000E-01        0.2612324E-02       -0.7387676E-02
       -0.1000000E-01        0.2612324E-02       -0.7387676E-02
       -0.1000000E-01        0.2612324E-02       -0.7387676E-02
       -0.1000000E-01        0.2612324E-02       -0.7387676E-02
       -0.1000000E-01        0.2612324E-02       -0.7387676E-02
       -0.1000000E-01        0.2612324E-02       -0.7387676E-02
       -0.1000000E-01        0.2612324E-02       -0.7387676E-02
       -0.1000000E-01        0.2612324E-02       -0.7387676E-02
       -0.1000000E-01        0.2612324E-02       -0.7387676E-02
       -0.1000000E-01        0.2612324E-02       -0.7387676E-02
       -0.1000000E-01        0.2612324E-02       -0.7387676E-02
       -0.1000000E-01        0.2612324E-02       -0.7387676E-02
       -0.1000000E-01        0.2612324E-02       -0.7387676E-02
       -0.1000000E-01        0.2612324E-02       -0.7387676E-02
       -0.1000000E-01        0.2612324E-02       -0.7387676E-02
       -0.1000000E-01        0.2612324E-02       -0.7387676E-02
       -0.1000000E-01        0.2612324E-02       -0.7387676E-02
       -0.1000000E-01        0.2612324E-02       -0.7387676E-02
       -0.1000000E-01        0.2612324E-02       -0.7387676E-02
       -0.1000000E-01        0.2612324E-02       -0.7387676E-02
       -0.1000000E-01        0.2612324E-02       -0.7387676E-02
       -0.1000000E-01        0.2612324E-02       -0.7387676E-02
       -0.1000000E-01        0.2612324E-02       -0.7387676E-02
       -0.1000000E-01        0.2612324E-02       -0.7387676E-02
       -0.1000000E-01        0.2612324E-02       -0.7387676E-02
       -0.1000000E-01        0.2612324E-02       -0.7387676E-02
       -0.1000000E-01        0.2612324E-02       -0.7387676E-02
       -0.1000000E-01        0.2612324E-02       -0.7387676E-02
       -0.1000000E-01        0.2612324E-02       -0.7387676E-02
       -0.1000000E-01        0.2612324E-02       -0.7387676E-02
       -0.1000000E-01        0.2612324E-02       -0.7387676E-02
       -0.1000000E-01        0.2612324E-02       -0.7387676E-02
       -0.1000000E-01        0.2612324E-02       -0.7387676E-02
       -0.1000000E-01        0.2612324E-02       -0.7387676E-02
       -0.1000000E-01        0.2612324E-02       -0.7387676E-02
       -0.1000000E-01        0.2612324E-02       -0.7387676E-02
       -0.1000000E-01        0.2612324E-02       -0.7387676E-02
       -0.1000000E-01        0.2612324E-02       -0.7387676E-02
       -0.1000000E-01        0.2612324E-02       -0.7387676E-02
       -0.1000000E-01        0.2612324E-02       -0.7387676E-02
       -0.1000000E-01        0.2612324E-02       -0.7387676E-02
       -0.1000000E-01        0.2612324E-02       -0.7387676E-02
       -0.1000000E-01        0.2612324E-02       -0.7387676E-02
       -0.1000000E-01        0.2612324E-02       -0.7387676E-02
       -0.1000000E-01        0.2612324E-02       -0.7387676E-02
       -0.1000000E-01        0.2612324E-02       -0.7387676E-02
       -0.1000000E-01        0.2612324E-02       -0.7387676E-02
       -0.1000000E-01        0.2612324E-02       -0.7387676E-02
       -0.1000000E-01        0.2612324E-02       -0.7387676E-02
       -0.1000000E-01        0.2612324E-02       -0.7387676E-02
       -0.1000000E-01        0.2612324E-02       -0.7387676E-02
       -0.1000000E-01        0.2612324E-02       -0.7387676E-02
       -0.1000000E-01        0.2612324E-02       -0.7387676E-02
       -0.1000000E-01        0.2612324E-02       -0.7387676E-02
       -0.1000000E-01        0.2612324E-02       -0.7387676E-02
       -0.1000000E-01        0.2612324E-02       -0.7387676E-02
       -0.1000000E-01        0.2612324E-02       -0.7387676E-02
       -0.1000000E-01        0.2612324E-02       -0.7387676E-02
       -0.1000000E-01        0.2612324E-02       -0.7387676E-02
       -0.1000000E-01        0.2612324E-02       -0.7387676E-02
       -0.1000000E-01        0.2612324E-02       -0.7387676E-02
       -0.1000000E-01        0.2612324E-02       -0.7387676E-02
       -0.1000000E-01        0.2612324E-02       -0.7387676E-02
       -0.1000000E-01        0.2612324E-02       -0.7387676E-02
       -0.1000000E-01        0.2612324E-02       -0.7387676E-02
       -0.1000000E-01        0.2612324E-02       -0.7387676E-02
       -0.1000000E-01        0.2612324E-02       -0.7387676E-02
       -0.1000000E-01        0.2612324E-02       -0.7387676E-02
       -0.1000000E-01        0.2612324E-02       -0.7387676E-02
       -0.1000000E-01        0.2612324E-02       -0.7387676E-02
       -0.1000000E-01        0.2612324E-02       -0.7387676E-02
       -0.1000000E-01        0.2612324E-02       -0.7387676E-02
       -0.1000000E-01        0.2612324E-02       -0.7387676E-02
       -0.1000000E-01        0.2612324E-02       -0.7387676E-02
       -0.1000000E-01        0.2612324E-02       -0.7387676E-02
       -0.1000000E-01        0.2612324E-02       -0.7387676E-02
       -0.1000000E-01        0.2612324E-02       -0.7387676E-02
       -0.1000000E-01        0.2612324E-02       -0.7387676E-02
       -0.1000000E-01        0.2612324E-02       -0.7387676E-02
       -0.1000000E-01        0.2612324E-02       -0.7387676E-02
       -0.1000000E-01        0.2612324E-02       -0.7387676E-02
       -0.1000000E-01        0.2612324E-02       -0.7387676E-02
       -0.1000000E-01        0.2612324E-02       -0.7387676E-02
       -0.1000000E-01        0.2612324E-02       -0.7387676E-02
       -0.1000000E-01        0.2612324E-02       -0.7387676E-02
       -0.1000000E-01        0.2612324E-02       -0.7387676E-02
       -0.1000000E-01        0.2612324E-02       -0.7387676E-02
       -0.1000000E-01        0.2612324E-02       -0.7387676E-02
       -0.1000000E-01        0.2612324E-02       -0.7387676E-02
       -0.1000000E-01        0.2612324E-02       -0.7387676E-02
       -0.1000000E-01        0.2612324E-02       -0.7387676E-02
       -0.1000000E-01        0.2612324E-02       -0.7387676E-02
       -0.1000000E-01        0.2612324E-02       -0.7387676E-02
       -0.1000000E-01        0.2612324E-02       -0.7387676E-02
       -0.1000000E-01        0.2612324E-02       -0.7387676E-02
       -0.9998906E-02        0.2610670E-02       -0.7388236E-02
       -0.9993158E-02        0.2604845E-02       -0.7388313E-02
       -0.9982509E-02        0.2593957E-02       -0.7388552E-02
       -0.9967011E-02        0.2577962E-02       -0.7389049E-02
       -0.9946738E-02        0.2556842E-02       -0.7389896E-02
       -0.9921790E-02        0.2530608E-02       -0.7391182E-02
       -0.9892292E-02        0.2499301E-02       -0.7392991E-02
       -0.9858387E-02        0.2462988E-02       -0.7395399E-02
       -0.9820245E-02        0.2421768E-02       -0.7398476E-02
       -0.9778053E-02        0.2375768E-02       -0.7402285E-02
       -0.9732021E-02        0.2325143E-02       -0.7406878E-02
       -0.9682375E-02        0.2270076E-02       -0.7412299E-02
       -0.9629360E-02        0.2210780E-02       -0.7418581E-02
       -0.9573235E-02        0.2147489E-02       -0.7425746E-02
       -0.9514272E-02        0.2080465E-02       -0.7433807E-02
       -0.9452757E-02        0.2009991E-02       -0.7442766E-02
       -0.9388983E-02        0.1936372E-02       -0.7452612E-02
       -0.9323254E-02        0.1859929E-02       -0.7463325E-02
       -0.9255877E-02        0.1781003E-02       -0.7474874E-02
       -0.9187165E-02        0.1699946E-02       -0.7487219E-02
       -0.9117434E-02        0.1617124E-02       -0.7500310E-02
       -0.9046998E-02        0.1532912E-02       -0.7514086E-02
       -0.8976171E-02        0.1447690E-02       -0.7528481E-02
       -0.8905264E-02        0.1361844E-02       -0.7543420E-02
       -0.8834584E-02        0.1275762E-02       -0.7558822E-02
       -0.8764432E-02        0.1189833E-02       -0.7574599E-02
       -0.8695099E-02        0.1104440E-02       -0.7590659E-02
       -0.8626872E-02        0.1019965E-02       -0.7606907E-02
       -0.8560025E-02        0.9367811E-03       -0.7623244E-02
       -0.8494822E-02        0.8552530E-03       -0.7639569E-02
       -0.8431518E-02        0.7757361E-03       -0.7655781E-02
       -0.8370352E-02        0.6985731E-03       -0.7671779E-02
       -0.8311556E-02        0.6240937E-03       -0.7687462E-02
       -0.8255344E-02        0.5526132E-03       -0.7702730E-02
       -0.8201918E-02        0.4844308E-03       -0.7717487E-02
       -0.8151469E-02        0.4198293E-03       -0.7731640E-02
       -0.8104172E-02        0.3590738E-03       -0.7745098E-02
       -0.8060187E-02        0.3024112E-03       -0.7757776E-02
       -0.8019664E-02        0.2500697E-03       -0.7769595E-02
       -0.7982737E-02        0.2022580E-03       -0.7780479E-02
       -0.7949526E-02        0.1591652E-03       -0.7790361E-02
       -0.7920137E-02        0.1209602E-03       -0.7799177E-02
       -0.7894666E-02        0.8779182E-04       -0.7806874E-02
       -0.7873190E-02        0.5978824E-04       -0.7813402E-02
       -0.7855779E-02        0.3705715E-04       -0.7818721E-02
       -0.7842484E-02        0.1968551E-04       -0.7822799E-02
       -0.7833348E-02        0.7739507E-05       -0.7825609E-02
       -0.7828398E-02        0.1264545E-05       -0.7827134E-02
       -0.7827650E-02        0.2851799E-06       -0.7827365E-02
       -0.7831105E-02        0.4805122E-05       -0.7826300E-02
       -0.7838753E-02        0.1480724E-04       -0.7823946E-02
       -0.7850571E-02        0.3025354E-04       -0.7820317E-02
       -0.7866522E-02        0.5108525E-04       -0.7815437E-02
       -0.7886557E-02        0.7722278E-04       -0.7809334E-02
       -0.7910615E-02        0.1085658E-03       -0.7802049E-02
       -0.7938618E-02        0.1449935E-03       -0.7793625E-02
       -0.7970480E-02        0.1863643E-03       -0.7784116E-02
       -0.8006097E-02        0.2325164E-03       -0.7773581E-02
       -0.8045355E-02        0.2832680E-03       -0.7762087E-02
       -0.8088123E-02        0.3384171E-03       -0.7749706E-02
       -0.8134258E-02        0.3977426E-03       -0.7736516E-02
       -0.8183605E-02        0.4610042E-03       -0.7722601E-02
       -0.8235991E-02        0.5279432E-03       -0.7708048E-02
       -0.8291234E-02        0.5982828E-03       -0.7692951E-02
       -0.8349134E-02        0.6717297E-03       -0.7677405E-02
       -0.8409482E-02        0.7479743E-03       -0.7661508E-02
       -0.8472052E-02        0.8266917E-03       -0.7645360E-02
       -0.8536607E-02        0.9075438E-03       -0.7629063E-02
       -0.8602898E-02        0.9901797E-03       -0.7612719E-02
       -0.8670665E-02        0.1074238E-02       -0.7596428E-02
       -0.8739636E-02        0.1159347E-02       -0.7580289E-02
       -0.8809530E-02        0.1245129E-02       -0.7564401E-02
       -0.8880056E-02        0.1331201E-02       -0.7548856E-02
       -0.8950917E-02        0.1417175E-02       -0.7533742E-02
       -0.9021808E-02        0.1502663E-02       -0.7519144E-02
       -0.9092419E-02        0.1587279E-02       -0.7505139E-02
       -0.9162437E-02        0.1670640E-02       -0.7491797E-02
       -0.9231548E-02        0.1752368E-02       -0.7479181E-02
       -0.9299436E-02        0.1832094E-02       -0.7467343E-02
       -0.9365788E-02        0.1909460E-02       -0.7456328E-02
       -0.9430293E-02        0.1984123E-02       -0.7446170E-02
       -0.9492647E-02        0.2055752E-02       -0.7436894E-02
       -0.9552552E-02        0.2124038E-02       -0.7428513E-02
       -0.9609719E-02        0.2188689E-02       -0.7421030E-02
       -0.9663872E-02        0.2249436E-02       -0.7414436E-02
       -0.9714746E-02        0.2306035E-02       -0.7408712E-02
       -0.9762092E-02        0.2358264E-02       -0.7403828E-02
       -0.9805676E-02        0.2405930E-02       -0.7399746E-02
       -0.9845283E-02        0.2448868E-02       -0.7396414E-02
       -0.9880716E-02        0.2486941E-02       -0.7393775E-02
       -0.9911802E-02        0.2520040E-02       -0.7391762E-02
       -0.9938385E-02        0.2548086E-02       -0.7390299E-02
       -0.9960335E-02        0.2571029E-02       -0.7389306E-02
       -0.9977543E-02        0.2588849E-02       -0.7388695E-02
       -0.9989926E-02        0.2601552E-02       -0.7388375E-02
       -0.9997424E-02        0.2609173E-02       -0.7388251E-02
       -0.9999999E-02        0.2611773E-02       -0.7388226E-02
       -0.1000000E-01        0.2611827E-02       -0.7388173E-02
       -0.1000000E-01        0.2611827E-02       -0.7388173E-02
       -0.1000000E-01        0.2611827E-02       -0.7388173E-02
       -0.1000000E-01        0.2611827E-02       -0.7388173E-02
       -0.1000000E-01        0.2611827E-02       -0.7388173E-02
       -0.1000000E-01        0.2611827E-02       -0.7388173E-02
       -0.1000000E-01        0.2611827E-02       -0.7388173E-02
       -0.1000000E-01        0.2611827E-02       -0.7388173E-02
       -0.1000000E-01        0.2611827E-02       -0.7388173E-02
       -0.1000000E-01        0.2611827E-02       -0.7388173E-02
       -0.1000000E-01        0.2611827E-02       -0.7388173E-02
       -0.1000000E-01        0.2611827E-02       -0.7388173E-02
       -0.1000000E-01        0.2611827E-02       -0.7388173E-02
       -0.1000000E-01        0.2611827E-02       -0.7388173E-02
       -0.1000000E-01        0.2611827E-02       -0.7388173E-02
       -0.1000000E-01        0.2611827E-02       -0.7388173E-02
       -0.1000000E-01        0.2611827E-02       -0.7388173E-02
       -0.1000000E-01        0.2611827E-02       -0.7388173E-02
       -0.1000000E-01        0.2611827E-02       -0.7388173E-02
       -0.1000000E-01        0.2611827E-02       -0.7388173E-02
       -0.1000000E-01        0.2611827E-02       -0.7388173E-02
       -0.1000000E-01        0.2611827E-02       -0.7388173E-02
       -0.1000000E-01        0.2611827E-02       -0.7388173E-02
       -0.1000000E-01        0.2611827E-02       -0.7388173E-02
       -0.1000000E-01        0.2611827E-02       -0.7388173E-02
       -0.1000000E-01        0.2611827E-02       -0.7388173E-02
       -0.1000000E-01        0.2611827E-02       -0.7388173E-02
       -0.1000000E-01        0.2611827E-02       -0.7388173E-02
       -0.1000000E-01        0.2611827E-02       -0.7388173E-02
       -0.1000000E-01        0.2611827E-02       -0.7388173E-02
       -0.1000000E-01        0.2611827E-02       -0.7388173E-02
       -0.1000000E-01        0.2611827E-02       -0.7388173E-02
       -0.1000000E-01        0.2611827E-02       -0.7388173E-02
       -0.1000000E-01        0.2611827E-02       -0.7388173E-02
       -0.1000000E-01        0.2611827E-02       -0.7388173E-02
       -0.1000000E-01        0.2611827E-02       -0.7388173E-02
       -0.1000000E-01        0.2611827E-02       -0.7388173E-02
       -0.1000000E-01        0.2611827E-02       -0.7388173E-02
       -0.1000000E-01        0.2611827E-02       -0.7388173E-02
       -0.1000000E-01        0.2611827E-02       -0.7388173E-02
       -0.1000000E-01        0.2611827E-02       -0.7388173E-02
       -0.1000000E-01        0.2611827E-02       -0.7388173E-02
       -0.1000000E-01        0.2611827E-02       -0.7388173E-02
       -0.1000000E-01        0.2611827E-02       -0.7388173E-02
       -0.1000000E-01        0.2611827E-02       -0.7388173E-02
       -0.1000000E-01        0.2611827E-02       -0.7388173E-02
       -0.1000000E-01        0.2611827E-02       -0.7388173E-02
       -0.1000000E-01        0.2611827E-02       -0.7388173E-02
       -0.1000000E-01        0.2611827E-02       -0.7388173E-02
       -0.1000000E-01        0.2611827E-02       -0.7388173E-02
       -0.1000000E-01        0.2611827E-02       -0.7388173E-02
       -0.1000000E-01        0.2611827E-02       -0.7388173E-02
       -0.1000000E-01        0.2611827E-02       -0.7388173E-02
       -0.1000000E-01        0.2611827E-02       -0.7388173E-02
       -0.1000000E-01        0.2611827E-02       -0.7388173E-02
       -0.1000000E-01        0.2611827E-02       -0.7388173E-02
       -0.1000000E-01        0.2611827E-02       -0.7388173E-02
       -0.1000000E-01        0.2611827E-02       -0.7388173E-02
       -0.1000000E-01        0.2611827E-02       -0.7388173E-02
       -0.1000000E-01        0.2611827E-02       -0.7388173E-02
       -0.1000000E-01        0.2611827E-02       -0.7388173E-02
       -0.1000000E-01        0.2611827E-02       -0.7388173E-02
       -0.1000000E-01        0.2611827E-02       -0.7388173E-02
       -0.1000000E-01        0.2611827E-02       -0.7388173E-02
       -0.1000000E-01        0.2611827E-02       -0.7388173E-02
       -0.1000000E-01        0.2611827E-02       -0.7388173E-02
       -0.1000000E-01        0.2611827E-02       -0.7388173E-02
       -0.1000000E-01        0.2611827E-02       -0.7388173E-02
       -0.1000000E-01        0.2611827E-02       -0.7388173E-02
       -0.1000000E-01        0.2611827E-02       -0.7388173E-02
       -0.1000000E-01        0.2611827E-02       -0.7388173E-02
       -0.1000000E-01        0.2611827E-02       -0.7388173E-02
       -0.1000000E-01        0.2611827E-02       -0.7388173E-02
       -0.1000000E-01        0.2611827E-02       -0.7388173E-02
       -0.1000000E-01        0.2611827E-02       -0.7388173E-02
       -0.1000000E-01        0.2611827E-02       -0.7388173E-02
       -0.1000000E-01        0.2611827E-02       -0.7388173E-02
       -0.1000000E-01        0.2611827E-02       -0.7388173E-02
       -0.1000000E-01        0.2611827E-02       -0.7388173E-02
       -0.1000000E-01        0.2611827E-02       -0.7388173E-02
       -0.1000000E-01        0.2611827E-02       -0.7388173E-02
       -0.1000000E-01        0.2611827E-02       -0.7388173E-02
       -0.1000000E-01        0.2611827E-02       -0.7388173E-02
       -0.1000000E-01        0.2611827E-02       -0.7388173E-02
       -0.1000000E-01        0.2611827E-02       -0.7388173E-02
       -0.1000000E-01        0.2611827E-02       -0.7388173E-02
       -0.1000000E-01        0.2611827E-02       -0.7388173E-02
       -0.1000000E-01        0.2611827E-02       -0.7388173E-02
       -0.1000000E-01        0.2611827E-02       -0.7388173E-02
       -0.1000000E-01        0.2611827E-02       -0.7388173E-02
       -0.1000000E-01        0.2611827E-02       -0.7388173E-02
       -0.1000000E-01        0.2611827E-02       -0.7388173E-02
       -0.1000000E-01        0.2611827E-02       -0.7388173E-02
       -0.1000000E-01        0.2611827E-02       -0.7388173E-02
       -0.1000000E-01        0.2611827E-02       -0.7388173E-02
       -0.1000000E-01        0.2611827E-02       -0.7388173E-02
       -0.1000000E-01        0.2611827E-02       -0.7388173E-02
       -0.1000000E-01        0.2611827E-02       -0.7388173E-02
       -0.1000000E-01        0.2611827E-02       -0.7388173E-02
       -0.1000000E-01        0.2611827E-02       -0.7388173E-02
       -0.1000000E-01        0.2611827E-02       -0.7388173E-02
       -0.1000000E-01        0.2611827E-02       -0.7388173E-02
       -0.1000000E-01        0.2611827E-02       -0.7388173E-02
       -0.1000000E-01        0.2611827E-02       -0.7388173E-02
       -0.1000000E-01        0.2611827E-02       -0.7388173E-02
       -0.1000000E-01        0.2611827E-02       -0.7388173E-02
       -0.1000000E-01        0.2611827E-02       -0.7388173E-02
       -0.1000000E-01        0.2611827E-02       -0.7388173E-02
       -0.1000000E-01        0.2611827E-02       -0.7388173E-02
       -0.1000000E-01        0.2611827E-02       -0.7388173E-02
       -0.1000000E-01        0.2611827E-02       -0.7388173E-02
       -0.1000000E-01        0.2611827E-02       -0.7388173E-02
       -0.1000000E-01        0.2611827E-02       -0.7388173E-02
       -0.1000000E-01        0.2611827E-02       -0.7388173E-02
       -0.1000000E-01        0.2611827E-02       -0.7388173E-02
       -0.1000000E-01        0.2611827E-02       -0.7388173E-02
       -0.1000000E-01        0.2611827E-02       -0.7388173E-02
       -0.1000000E-01        0.2611827E-02       -0.7388173E-02
       -0.1000000E-01        0.2611827E-02       -0.7388173E-02
       -0.1000000E-01        0.2611827E-02       -0.7388173E-02
       -0.1000000E-01        0.2611827E-02       -0.7388173E-02
       -0.1000000E-01        0.2611827E-02       -0.7388173E-02
       -0.1000000E-01        0.2611827E-02       -0.7388173E-02
       -0.1000000E-01        0.2611827E-02       -0.7388173E-02
       -0.1000000E-01        0.2611827E-02       -0.7388173E-02
       -0.1000000E-01        0.2611827E-02       -0.7388173E-02
       -0.1000000E-01        0.2611827E-02       -0.7388173E-02
       -0.1000000E-01        0.2611827E-02       -0.7388173E-02
       -0.1000000E-01        0.2611827E-02       -0.7388173E-02
       -0.1000000E-01        0.2611827E-02       -0.7388173E-02
       -0.1000000E-01        0.2611827E-02       -0.7388173E-02
       -0.1000000E-01        0.2611827E-02       -0.7388173E-02
       -0.1000000E-01        0.2611827E-02       -0.7388173E-02
       -0.1000000E-01        0.2611827E-02       -0.7388173E-02
       -0.1000000E-01        0.2611827E-02       -0.7388173E-02
       -0.1000000E-01        0.2611827E-02       -0.7388173E-02
       -0.1000000E-01        0.2611827E-02       -0.7388173E-02
       -0.1000000E-01        0.2611827E-02       -0.7388173E-02
       -0.1000000E-01        0.2611827E-02       -0.7388173E-02
       -0.1000000E-01        0.2611827E-02       -0.7388173E-02
       -0.1000000E-01        0.2611827E-02       -0.7388173E-02
       -0.1000000E-01        0.2611827E-02       -0.7388173E-02
       -0.1000000E-01        0.2611827E-02       -0.7388173E-02
       -0.1000000E-01        0.2611827E-02       -0.7388173E-02
       -0.1000000E-01        0.2611827E-02       -0.7388173E-02
       -0.1000000E-01        0.2611827E-02       -0.7388173E-02
       -0.1000000E-01        0.2611827E-02       -0.7388173E-02
       -0.1000000E-01        0.2611827E-02       -0.7388173E-02
       -0.1000000E-01        0.2611827E-02       -0.7388173E-02
       -0.1000000E-01        0.2611827E-02       -0.7388173E-02
       -0.1000000E-01        0.2611827E-02       -0.7388173E-02
       -0.1000000E-01        0.2611827E-02       -0.7388173E-02
       -0.1000000E-01        0.2611827E-02       -0.7388173E-02
       -0.1000000E-01        0.2611827E-02       -0.7388173E-02
       -0.1000000E-01        0.2611827E-02       -0.7388173E-02
       -0.1000000E-01        0.2611827E-02       -0.7388173E-02
       -0.1000000E-01        0.2611827E-02       -0.7388173E-02
       -0.1000000E-01        0.2611827E-02       -0.7388173E-02
       -0.1000000E-01        0.2611827E-02       -0.7388173E-02
       -0.1000000E-01        0.2611827E-02       -0.7388173E-02
       -0.1000000E-01        0.2611827E-02       -0.7388173E-02
       -0.1000000E-01        0.2611827E-02       -0.7388173E-02
       -0.1000000E-01        0.2611827E-02       -0.7388173E-02
       -0.1000000E-01        0.2611827E-02       -0.7388173E-02
       -0.1000000E-01        0.2611827E-02       -0.7388173E-02
       -0.1000000E-01        0.2611827E-02       -0.7388173E-02
       -0.1000000E-01        0.2611827E-02       -0.7388173E-02
       -0.1000000E-01        0.2611827E-02       -0.7388173E-02
       -0.1000000E-01        0.2611827E-02       -0.7388173E-02
       -0.1000000E-01        0.2611827E-02       -0.7388173E-02
       -0.1000000E-01        0.2611827E-02       -0.7388173E-02
       -0.1000000E-01        0.2611827E-02       -0.7388173E-02
       -0.1000000E-01        0.2611827E-02       -0.7388173E-02
       -0.1000000E-01        0.2611827E-02       -0.7388173E-02
       -0.1000000E-01        0.2611827E-02       -0.7388173E-02
       -0.1000000E-01        0.2611827E-02       -0.7388173E-02
       -0.1000000E-01        0.2611827E-02       -0.7388173E-02
       -0.1000000E-01        0.2611827E-02       -0.7388173E-02
       -0.1000000E-01        0.2611827E-02       -0.7388173E-02
       -0.1000000E-01        0.2611827E-02       -0.7388173E-02
       -0.1000000E-01        0.2611827E-02       -0.7388173E-02
       -0.1000000E-01        0.2611827E-02       -0.7388173E-02
       -0.1000000E-01        0.2611827E-02       -0.7388173E-02
       -0.1000000E-01        0.2611827E-02       -0.7388173E-02
       -0.1000000E-01        0.2611827E-02       -0.7388173E-02
       -0.1000000E-01        0.2611827E-02       -0.7388173E-02
       -0.1000000E-01        0.2611827E-02       -0.7388173E-02
       -0.1000000E-01        0.2611827E-02       -0.7388173E-02
       -0.1000000E-01        0.2611827E-02       -0.7388173E-02
       -0.1000000E-01        0.2611827E-02       -0.7388173E-02
       -0.1000000E-01        0.2611827E-02       -0.7388173E-02
       -0.1000000E-01        0.2611827E-02       -0.7388173E-02
       -0.1000000E-01        0.2611827E-02       -0.7388173E-02
       -0.1000000E-01        0.2611827E-02       -0.7388173E-02
       -0.1000000E-01        0.2611827E-02       -0.7388173E-02
       -0.1000000E-01        0.2611827E-02       -0.7388173E-02
       -0.1000000E-01        0.2611827E-02       -0.7388173E-02
       -0.1000000E-01        0.2611827E-02       -0.7388173E-02
       -0.1000000E-01        0.2611827E-02       -0.7388173E-02
       -0.1000000E-01        0.2611827E-02       -0.7388173E-02
       -0.9997630E-02        0.2609386E-02       -0.7388244E-02
       -0.9990338E-02        0.2601976E-02       -0.7388362E-02
       -0.9978159E-02        0.2589487E-02       -0.7388672E-02
       -0.9961150E-02        0.2571882E-02       -0.7389269E-02
       -0.9939397E-02        0.2549152E-02       -0.7390244E-02
       -0.9913005E-02        0.2521319E-02       -0.7391686E-02
       -0.9882105E-02        0.2488430E-02       -0.7393675E-02
       -0.9846850E-02        0.2450563E-02       -0.7396286E-02
       -0.9807414E-02        0.2407826E-02       -0.7399587E-02
       -0.9763992E-02        0.2360354E-02       -0.7403637E-02
       -0.9716799E-02        0.2308312E-02       -0.7408486E-02
       -0.9666067E-02        0.2251893E-02       -0.7414175E-02
       -0.9612046E-02        0.2191314E-02       -0.7420732E-02
       -0.9554999E-02        0.2126821E-02       -0.7428178E-02
       -0.9495203E-02        0.2058682E-02       -0.7436522E-02
       -0.9432946E-02        0.1987186E-02       -0.7445760E-02
       -0.9368525E-02        0.1912644E-02       -0.7455881E-02
       -0.9302244E-02        0.1835383E-02       -0.7466861E-02
       -0.9234414E-02        0.1755749E-02       -0.7478665E-02
       -0.9165348E-02        0.1674097E-02       -0.7491251E-02
       -0.9095361E-02        0.1590797E-02       -0.7504563E-02
       -0.9024768E-02        0.1506226E-02       -0.7518542E-02
       -0.8953883E-02        0.1420766E-02       -0.7533117E-02
       -0.8883015E-02        0.1334804E-02       -0.7548210E-02
       -0.8812468E-02        0.1248729E-02       -0.7563739E-02
       -0.8742542E-02        0.1162927E-02       -0.7579615E-02
       -0.8673526E-02        0.1077782E-02       -0.7595745E-02
       -0.8605703E-02        0.9936721E-03       -0.7612031E-02
       -0.8539345E-02        0.9109693E-03       -0.7628376E-02
       -0.8474712E-02        0.8300353E-03       -0.7644677E-02
       -0.8412054E-02        0.7512215E-03       -0.7660833E-02
       -0.8351609E-02        0.6748668E-03       -0.7676742E-02
       -0.8293602E-02        0.6012964E-03       -0.7692305E-02
       -0.8238244E-02        0.5308207E-03       -0.7707423E-02
       -0.8185734E-02        0.4637337E-03       -0.7722000E-02
       -0.8136257E-02        0.4003128E-03       -0.7735944E-02
       -0.8089984E-02        0.3408176E-03       -0.7749166E-02
       -0.8047072E-02        0.2854891E-03       -0.7761583E-02
       -0.8007665E-02        0.2345493E-03       -0.7773115E-02
       -0.7971893E-02        0.1882009E-03       -0.7783692E-02
       -0.7939872E-02        0.1466266E-03       -0.7793245E-02
       -0.7911704E-02        0.1099891E-03       -0.7801715E-02
       -0.7887480E-02        0.7843067E-04       -0.7809050E-02
       -0.7867275E-02        0.5207315E-04       -0.7815202E-02
       -0.7851152E-02        0.3101769E-04       -0.7820134E-02
       -0.7839161E-02        0.1534472E-04       -0.7823816E-02
       -0.7831338E-02        0.5113908E-05       -0.7826224E-02
       -0.7827707E-02        0.3641071E-06       -0.7827343E-02
       -0.7828280E-02        0.1113323E-05       -0.7827166E-02
       -0.7833054E-02        0.7358716E-05       -0.7825695E-02
       -0.7842015E-02        0.1907660E-04       -0.7822939E-02
       -0.7855136E-02        0.3622245E-04       -0.7818914E-02
       -0.7872377E-02        0.5873095E-04       -0.7813646E-02
       -0.7893683E-02        0.8651599E-04       -0.7807167E-02
       -0.7918989E-02        0.1194708E-03       -0.7799519E-02
       -0.7948216E-02        0.1574679E-03       -0.7790748E-02
       -0.7981269E-02        0.2003596E-03       -0.7780910E-02
       -0.8018043E-02        0.2479776E-03       -0.7770066E-02
       -0.8058419E-02        0.3001337E-03       -0.7758285E-02
       -0.8102261E-02        0.3566200E-03       -0.7745641E-02
       -0.8149423E-02        0.4172091E-03       -0.7732214E-02
       -0.8199744E-02        0.4816551E-03       -0.7718089E-02
       -0.8253048E-02        0.5496933E-03       -0.7703355E-02
       -0.8309148E-02        0.6210418E-03       -0.7688106E-02
       -0.8367841E-02        0.6954020E-03       -0.7672439E-02
       -0.8428911E-02        0.7724594E-03       -0.7656452E-02
       -0.8492131E-02        0.8518848E-03       -0.7640247E-02
       -0.8557260E-02        0.9333358E-03       -0.7623924E-02
       -0.8624043E-02        0.1016458E-02       -0.7607585E-02
       -0.8692219E-02        0.1100887E-02       -0.7591332E-02
       -0.8761511E-02        0.1186249E-02       -0.7575262E-02
       -0.8831635E-02        0.1272164E-02       -0.7559471E-02
       -0.8902299E-02        0.1358247E-02       -0.7544052E-02
       -0.8973202E-02        0.1444110E-02       -0.7529092E-02
       -0.9044039E-02        0.1529366E-02       -0.7514672E-02
       -0.9114497E-02        0.1613629E-02       -0.7500869E-02
       -0.9184265E-02        0.1696517E-02       -0.7487748E-02
       -0.9253026E-02        0.1777655E-02       -0.7475371E-02
       -0.9320465E-02        0.1856678E-02       -0.7463787E-02
       -0.9386269E-02        0.1933231E-02       -0.7453038E-02
       -0.9450131E-02        0.2006975E-02       -0.7443156E-02
       -0.9511747E-02        0.2077587E-02       -0.7434160E-02
       -0.9570822E-02        0.2144761E-02       -0.7426061E-02
       -0.9627072E-02        0.2208214E-02       -0.7418858E-02
       -0.9680223E-02        0.2267682E-02       -0.7412540E-02
       -0.9730014E-02        0.2322930E-02       -0.7407084E-02
       -0.9776202E-02        0.2373745E-02       -0.7402457E-02
       -0.9818559E-02        0.2419942E-02       -0.7398616E-02
       -0.9856875E-02        0.2461365E-02       -0.7395509E-02
       -0.9890960E-02        0.2497886E-02       -0.7393075E-02
       -0.9920646E-02        0.2529404E-02       -0.7391242E-02
       -0.9945787E-02        0.2555851E-02       -0.7389936E-02
       -0.9966257E-02        0.2577185E-02       -0.7389072E-02
       -0.9981958E-02        0.2593395E-02       -0.7388563E-02
       -0.9992811E-02        0.2604496E-02       -0.7388315E-02
       -0.9998764E-02        0.2610532E-02       -0.7388233E-02
       -0.1000000E-01        0.2612290E-02       -0.7387710E-02
       -0.1000000E-01        0.2612290E-02       -0.7387710E-02
       -0.1000000E-01        0.2612290E-02       -0.7387710E-02
       -0.1000000E-01        0.2612290E-02       -0.7387710E-02
       -0.1000000E-01        0.2612290E-02       -0.7387710E-02
       -0.1000000E-01        0.2612290E-02       -0.7387710E-02
       -0.1000000E-01        0.2612290E-02       -0.7387710E-02
       -0.1000000E-01        0.2612290E-02       -0.7387710E-02
       -0.1000000E-01        0.2612290E-02       -0.7387710E-02
       -0.1000000E-01        0.2612290E-02       -0.7387710E-02
       -0.1000000E-01        0.2612290E-02       -0.7387710E-02
       -0.1000000E-01        0.2612290E-02       -0.7387710E-02
       -0.1000000E-01        0.2612290E-02       -0.7387710E-02
       -0.1000000E-01        0.2612290E-02       -0.7387710E-02
