       -0.9660115E+00        0.3016142E-01       -0.9358501E+00
       -0.9600748E+00        0.1935297E-01       -0.9407219E+00
       -0.9547229E+00        0.1480881E-01       -0.9399141E+00
       -0.9501840E+00        0.1121496E-01       -0.9389690E+00
       -0.9462689E+00        0.8960002E-02       -0.9373089E+00
       -0.9429892E+00        0.4568016E-02       -0.9384212E+00
       -0.9408667E+00        0.2644599E-02       -0.9382221E+00
       -0.9396594E+00        0.1249651E-02       -0.9384098E+00
       -0.9396125E+00        0.1127863E-02       -0.9384847E+00
       -0.9408183E+00        0.1409142E-02       -0.9394091E+00
       -0.9426447E+00        0.2525719E-02       -0.9401189E+00
       -0.9232900E+00        0.6942691E-02       -0.9163473E+00
       -0.9282019E+00        0.1354758E-01       -0.9146543E+00
       -0.9339379E+00        0.1638619E-01       -0.9175517E+00
       -0.9402697E+00        0.2205103E-01       -0.9182187E+00
       -0.9474567E+00        0.2813555E-01       -0.9193211E+00
       -0.9547933E+00        0.3032036E-01       -0.9244729E+00
       -0.9626425E+00        0.4025229E-01       -0.9223902E+00
       -0.9704825E+00        0.3929290E-01       -0.9311896E+00
       -0.9778610E+00        0.4519093E-01       -0.9326701E+00
       -0.9846567E+00        0.5545502E-01       -0.9292017E+00
       -0.9898993E+00        0.2843427E-01       -0.9614650E+00
       -0.9936888E+00        0.3225366E-01       -0.9614351E+00
       -0.9969955E+00        0.4489273E-01       -0.9521027E+00
       -0.9993135E+00        0.4723538E-01       -0.9520781E+00
       -0.9999937E+00        0.4367000E-01       -0.9563237E+00
       -0.9990453E+00        0.3812336E-01       -0.9609219E+00
       -0.9966607E+00        0.3322139E-01       -0.9634394E+00
       -0.9928311E+00        0.3243131E-01       -0.9603998E+00
       -0.9875001E+00        0.3018134E-01       -0.9573188E+00
       -0.9810853E+00        0.2534372E-01       -0.9557416E+00
       -0.9460435E+00        0.4153178E-01       -0.9045117E+00
       -0.9313710E+00        0.2357933E-01       -0.9077917E+00
       -0.9203135E+00        0.1281205E-01       -0.9075015E+00
       -0.9140876E+00        0.5332613E-02       -0.9087550E+00
       -0.9123006E+00        0.3130842E-02       -0.9091697E+00
       -0.9149318E+00        0.4538080E-02       -0.9103937E+00
       -0.9217749E+00        0.1106116E-01       -0.9107137E+00
       -0.9318187E+00        0.1869690E-01       -0.9131218E+00
       -0.9443749E+00        0.3060040E-01       -0.9137745E+00
       -0.9590166E+00        0.5021498E-01       -0.9088016E+00
       -0.9898164E+00        0.3273401E-01       -0.9570824E+00
       -0.9942115E+00        0.3634105E-01       -0.9578705E+00
       -0.9974314E+00        0.3956091E-01       -0.9578705E+00
       -0.9994094E+00        0.4068681E-01       -0.9587226E+00
       -0.1000000E+01        0.3391625E-01       -0.9660837E+00
       -0.9994673E+00        0.3490867E-01       -0.9645587E+00
       -0.9980454E+00        0.3547065E-01       -0.9625748E+00
       -0.9958767E+00        0.2773743E-01       -0.9681393E+00
       -0.9933247E+00        0.2562811E-01       -0.9676966E+00
       -0.9904119E+00        0.2270347E-01       -0.9677084E+00
       -0.9885383E+00        0.2370876E-01       -0.9648295E+00
       -0.9847861E+00        0.1827495E-01       -0.9665112E+00
       -0.9807534E+00        0.1816970E-01       -0.9625837E+00
       -0.9768324E+00        0.1555028E-01       -0.9612821E+00
       -0.9730188E+00        0.1293051E-01       -0.9600883E+00
       -0.9697295E+00        0.1033702E-01       -0.9593925E+00
       -0.9667554E+00        0.8843517E-02       -0.9579118E+00
       -0.9642307E+00        0.7519151E-02       -0.9567115E+00
       -0.9621908E+00        0.4926679E-02       -0.9572641E+00
       -0.9609025E+00        0.5917623E-02       -0.9549849E+00
       -0.9422213E+00        0.5764330E-02       -0.9364570E+00
       -0.9448169E+00        0.8551565E-02       -0.9362653E+00
       -0.9487336E+00        0.1004446E-01       -0.9386892E+00
       -0.9533347E+00        0.1559983E-01       -0.9377349E+00
       -0.9586099E+00        0.1821997E-01       -0.9403899E+00
       -0.9646842E+00        0.2698270E-01       -0.9377015E+00
       -0.9712230E+00        0.3666980E-01       -0.9345532E+00
       -0.9780021E+00        0.4345749E-01       -0.9345446E+00
       -0.9843380E+00        0.4778338E-01       -0.9365546E+00
       -0.9897232E+00        0.4617681E-01       -0.9435464E+00
       -0.9963669E+00        0.1048375E-01       -0.9858832E+00
       -0.9945760E+00        0.8157586E-02       -0.9864184E+00
       -0.9925113E+00        0.8330345E-02       -0.9841809E+00
       -0.9904182E+00        0.5319174E-02       -0.9850990E+00
       -0.9885967E+00        0.2158276E-02       -0.9864384E+00
       -0.9876479E+00        0.6572575E-03       -0.9869907E+00
       -0.9878523E+00        0.1408016E-02       -0.9864443E+00
       -0.9889319E+00        0.2826053E-02       -0.9861059E+00
       -0.9907621E+00        0.6481724E-02       -0.9842804E+00
       -0.9930742E+00        0.7423357E-02       -0.9856508E+00
       -0.9778275E+00        0.3388232E-01       -0.9439452E+00
       -0.9731488E+00        0.3295485E-01       -0.9401940E+00
       -0.9695375E+00        0.2588862E-01       -0.9436489E+00
       -0.9668516E+00        0.2511954E-01       -0.9417321E+00
       -0.9662702E+00        0.1853478E-01       -0.9477354E+00
       -0.9671009E+00        0.1633177E-01       -0.9507692E+00
       -0.9698085E+00        0.1974534E-01       -0.9500631E+00
       -0.9748836E+00        0.2619924E-01       -0.9486844E+00
       -0.9806005E+00        0.3179483E-01       -0.9488057E+00
       -0.9857827E+00        0.2988862E-01       -0.9558941E+00
       -0.9998105E+00        0.2358625E-01       -0.9762243E+00
       -0.9989038E+00        0.2086727E-01       -0.9780365E+00
       -0.9972672E+00        0.2110580E-01       -0.9761614E+00
       -0.9950190E+00        0.1898752E-01       -0.9760315E+00
       -0.9923960E+00        0.1621769E-01       -0.9761783E+00
       -0.9895972E+00        0.1378094E-01       -0.9758162E+00
       -0.9868787E+00        0.8524863E-02       -0.9783538E+00
       -0.9845018E+00        0.4794093E-02       -0.9797077E+00
       -0.9828871E+00        0.1992553E-02       -0.9808945E+00
       -0.9815997E+00        0.2041197E-02       -0.9795585E+00
       -0.9905450E+00        0.4203518E-02       -0.9863415E+00
       -0.9920572E+00        0.5657014E-02       -0.9864002E+00
       -0.9937720E+00        0.6931141E-02       -0.9868408E+00
       -0.9953247E+00        0.7332246E-02       -0.9879924E+00
       -0.9968540E+00        0.1129220E-01       -0.9855618E+00
       -0.9982863E+00        0.1354789E-01       -0.9847384E+00
       -0.9992996E+00        0.1191454E-01       -0.9873850E+00
       -0.9998472E+00        0.1061779E-01       -0.9892294E+00
       -0.9999966E+00        0.1164357E-01       -0.9883530E+00
       -0.9997259E+00        0.1138184E-01       -0.9883440E+00
       -0.9890404E+00        0.6120126E-02       -0.9829202E+00
       -0.9908653E+00        0.9787810E-02       -0.9810775E+00
       -0.9927178E+00        0.1225749E-01       -0.9804603E+00
       -0.9945602E+00        0.1352838E-01       -0.9810318E+00
       -0.9962460E+00        0.1635037E-01       -0.9798956E+00
       -0.9977665E+00        0.1821724E-01       -0.9795493E+00
       -0.9989270E+00        0.1671537E-01       -0.9822116E+00
       -0.9996951E+00        0.1877589E-01       -0.9809192E+00
       -0.1000000E+01        0.2045753E-01       -0.9795424E+00
       -0.9997050E+00        0.1674035E-01       -0.9829647E+00
       -0.9926439E+00        0.6409780E-02       -0.9862341E+00
       -0.9909357E+00        0.5702803E-02       -0.9852329E+00
       -0.9891233E+00        0.6097151E-02       -0.9830261E+00
       -0.9877108E+00        0.4752415E-02       -0.9829584E+00
       -0.9870203E+00        0.2957686E-02       -0.9840626E+00
       -0.9867832E+00        0.1803071E-02       -0.9849801E+00
       -0.9871948E+00        0.2101435E-02       -0.9850934E+00
       -0.9881290E+00        0.2100040E-02       -0.9860290E+00
       -0.9891980E+00        0.1407154E-02       -0.9877908E+00
       -0.9906237E+00        0.3501973E-02       -0.9871218E+00
       -0.9855379E+00        0.8723185E-02       -0.9768147E+00
       -0.9839180E+00        0.9001307E-02       -0.9749167E+00
       -0.9838875E+00        0.6756053E-02       -0.9771314E+00
       -0.9846481E+00        0.7051021E-02       -0.9775971E+00
       -0.9864803E+00        0.8353787E-02       -0.9781265E+00
       -0.9886509E+00        0.1029998E-01       -0.9783509E+00
       -0.9908448E+00        0.1072199E-01       -0.9801228E+00
       -0.9930387E+00        0.1147560E-01       -0.9815631E+00
       -0.9950223E+00        0.1275017E-01       -0.9822722E+00
       -0.9970157E+00        0.1613915E-01       -0.9808766E+00
       -0.9988542E+00        0.1082319E-01       -0.9880310E+00
       -0.9980920E+00        0.7340955E-02       -0.9907511E+00
       -0.9971707E+00        0.8342472E-02       -0.9888282E+00
       -0.9960339E+00        0.6757209E-02       -0.9892766E+00
       -0.9949712E+00        0.3877179E-02       -0.9910940E+00
       -0.9942064E+00        0.2025266E-02       -0.9921812E+00
       -0.9936142E+00        0.1421324E-02       -0.9921929E+00
       -0.9933858E+00        0.2110248E-02       -0.9912755E+00
       -0.9934173E+00        0.8147287E-03       -0.9926026E+00
       -0.9936708E+00        0.1073019E-02       -0.9925977E+00
       -0.9939376E+00        0.9837969E-03       -0.9929538E+00
       -0.9942356E+00        0.1379319E-02       -0.9928563E+00
       -0.9947106E+00        0.1569447E-02       -0.9931411E+00
       -0.9951667E+00        0.9081839E-03       -0.9942585E+00
       -0.9955786E+00        0.1251161E-02       -0.9943275E+00
       -0.9961312E+00        0.1441290E-02       -0.9946899E+00
       -0.9964829E+00        0.1034423E-02       -0.9954485E+00
       -0.9967980E+00        0.1427703E-02       -0.9953703E+00
       -0.9970719E+00        0.1855112E-02       -0.9952168E+00
       -0.9974372E+00        0.2345998E-02       -0.9950912E+00
       -0.9933706E+00        0.5992202E-02       -0.9873784E+00
       -0.9943975E+00        0.6687662E-02       -0.9877098E+00
       -0.9954404E+00        0.6605321E-02       -0.9888350E+00
       -0.9965999E+00        0.8446638E-02       -0.9881532E+00
       -0.9977253E+00        0.7399540E-02       -0.9903258E+00
       -0.9986128E+00        0.8064933E-02       -0.9905479E+00
       -0.9993175E+00        0.9394450E-02       -0.9899230E+00
       -0.9997950E+00        0.8236085E-02       -0.9915590E+00
       -0.9999890E+00        0.8406092E-02       -0.9915829E+00
       -0.9999399E+00        0.8066136E-02       -0.9918737E+00
       -0.9974825E+00        0.4138771E-03       -0.9970686E+00
       -0.9975857E+00        0.1037464E-02       -0.9965482E+00
       -0.9977236E+00        0.6543635E-03       -0.9970692E+00
       -0.9979931E+00        0.1007334E-02       -0.9969858E+00
       -0.9983135E+00        0.9706129E-03       -0.9973429E+00
       -0.9985161E+00        0.1037414E-02       -0.9974787E+00
       -0.9988639E+00        0.1925695E-02       -0.9969383E+00
       -0.9991971E+00        0.1931720E-02       -0.9972654E+00
       -0.9994787E+00        0.2020616E-02       -0.9974581E+00
       -0.9996859E+00        0.2002270E-02       -0.9976836E+00
       -0.9909167E+00        0.3052297E-02       -0.9878644E+00
       -0.9915048E+00        0.4575981E-02       -0.9869288E+00
       -0.9925289E+00        0.4791030E-02       -0.9877379E+00
       -0.9939219E+00        0.5620347E-02       -0.9883016E+00
       -0.9951392E+00        0.6929509E-02       -0.9882097E+00
       -0.9962485E+00        0.8439436E-02       -0.9878090E+00
       -0.9973808E+00        0.1015902E-01       -0.9872218E+00
       -0.9983896E+00        0.8776472E-02       -0.9896131E+00
       -0.9991209E+00        0.8311217E-02       -0.9908097E+00
       -0.9995842E+00        0.8378914E-02       -0.9912053E+00
       -0.9999113E+00        0.3938508E-02       -0.9959728E+00
       -0.9997142E+00        0.4075286E-02       -0.9956389E+00
       -0.9994183E+00        0.3072363E-02       -0.9963459E+00
       -0.9990784E+00        0.3299248E-02       -0.9957792E+00
       -0.9986422E+00        0.2526437E-02       -0.9961157E+00
       -0.9981452E+00        0.2568574E-02       -0.9955766E+00
       -0.9976280E+00        0.1588837E-02       -0.9960392E+00
       -0.9972767E+00        0.3202167E-03       -0.9969565E+00
       -0.9970954E+00        0.8332187E-04       -0.9970121E+00
       -0.9970286E+00        0.1136500E-03       -0.9969150E+00
       -0.9992021E+00        0.5418203E-03       -0.9986603E+00
       -0.9993944E+00        0.1414446E-02       -0.9979800E+00
       -0.9996143E+00        0.1631156E-02       -0.9979831E+00
       -0.9997525E+00        0.1175891E-02       -0.9985766E+00
       -0.9998913E+00        0.1326002E-02       -0.9985653E+00
       -0.9999715E+00        0.1716027E-02       -0.9982555E+00
       -0.9999992E+00        0.2178344E-02       -0.9978208E+00
       -0.9999549E+00        0.1932470E-02       -0.9980224E+00
       -0.9998597E+00        0.2889515E-02       -0.9969702E+00
       -0.9997244E+00        0.2717109E-02       -0.9970073E+00
       -0.9979554E+00        0.3568133E-02       -0.9943873E+00
       -0.9976231E+00        0.5148414E-02       -0.9924747E+00
       -0.9974249E+00        0.4541426E-02       -0.9928835E+00
       -0.9971138E+00        0.3926157E-02       -0.9931876E+00
       -0.9969072E+00        0.3002968E-02       -0.9939043E+00
       -0.9969039E+00        0.2883638E-02       -0.9940203E+00
       -0.9968798E+00        0.2034824E-02       -0.9948450E+00
       -0.9968150E+00        0.2321807E-02       -0.9944932E+00
       -0.9969365E+00        0.2041767E-02       -0.9948947E+00
       -0.9971546E+00        0.2175959E-02       -0.9949786E+00
       -0.9958818E+00        0.5325038E-03       -0.9953493E+00
       -0.9962573E+00        0.7033712E-03       -0.9955539E+00
       -0.9967488E+00        0.1356076E-02       -0.9953928E+00
       -0.9973606E+00        0.2549219E-02       -0.9948114E+00
       -0.9980917E+00        0.4001382E-02       -0.9940903E+00
       -0.9988156E+00        0.5036547E-02       -0.9937790E+00
       -0.9993565E+00        0.4156376E-02       -0.9952001E+00
       -0.9997368E+00        0.6464258E-02       -0.9932725E+00
       -0.9999350E+00        0.4227285E-02       -0.9957077E+00
       -0.9999990E+00        0.3994978E-02       -0.9960040E+00
       -0.9941803E+00        0.5134929E-02       -0.9890454E+00
       -0.9930852E+00        0.3854400E-02       -0.9892308E+00
       -0.9922592E+00        0.4186784E-02       -0.9880724E+00
       -0.9915188E+00        0.4753066E-02       -0.9867658E+00
       -0.9910167E+00        0.3336993E-02       -0.9876797E+00
       -0.9905887E+00        0.2929957E-02       -0.9876588E+00
       -0.9905410E+00        0.2244558E-02       -0.9882964E+00
       -0.9909277E+00        0.2163432E-02       -0.9887643E+00
       -0.9916032E+00        0.2429905E-02       -0.9891733E+00
       -0.9927686E+00        0.4493774E-02       -0.9882749E+00
       -0.9986323E+00        0.1912720E-02       -0.9967196E+00
       -0.9989084E+00        0.1664401E-02       -0.9972440E+00
       -0.9991292E+00        0.2289732E-02       -0.9968395E+00
       -0.9994319E+00        0.2653757E-02       -0.9967781E+00
       -0.9996658E+00        0.2559705E-02       -0.9971061E+00
       -0.9998647E+00        0.4037787E-02       -0.9958270E+00
       -0.9999873E+00        0.6786554E-02       -0.9932007E+00
       -0.9999623E+00        0.8285585E-02       -0.9916768E+00
       -0.9996615E+00        0.1262014E-01       -0.9870414E+00
       -0.9990627E+00        0.1131872E-01       -0.9877440E+00
       -0.9998478E+00        0.1473411E-02       -0.9983744E+00
       -0.9997589E+00        0.2672529E-02       -0.9970864E+00
       -0.9996829E+00        0.1536534E-02       -0.9981464E+00
       -0.9996145E+00        0.6809871E-03       -0.9989336E+00
       -0.9995605E+00        0.7299962E-03       -0.9988305E+00
       -0.9995115E+00        0.2197058E-03       -0.9992918E+00
       -0.9995235E+00        0.3024284E-03       -0.9992210E+00
       -0.9995231E+00        0.4014350E-03       -0.9991216E+00
       -0.9995901E+00        0.5741601E-03       -0.9990159E+00
       -0.9997120E+00        0.3432513E-03       -0.9993688E+00
       -0.9942132E+00        0.4758442E-03       -0.9937374E+00
       -0.9946722E+00        0.9545232E-03       -0.9937176E+00
       -0.9953448E+00        0.2472823E-02       -0.9928720E+00
       -0.9961929E+00        0.3172545E-02       -0.9930204E+00
       -0.9969297E+00        0.2740447E-02       -0.9941892E+00
       -0.9975233E+00        0.3753222E-02       -0.9937700E+00
       -0.9981638E+00        0.3935839E-02       -0.9942280E+00
       -0.9987376E+00        0.4176815E-02       -0.9945608E+00
       -0.9992765E+00        0.5582628E-02       -0.9936939E+00
       -0.9996655E+00        0.6053079E-02       -0.9936124E+00
       -0.9993521E+00        0.7532253E-02       -0.9918198E+00
       -0.9998403E+00        0.9099238E-02       -0.9907410E+00
       -0.9999993E+00        0.9282999E-02       -0.9907163E+00
       -0.9998158E+00        0.7144746E-02       -0.9926711E+00
       -0.9993629E+00        0.7165813E-02       -0.9921971E+00
       -0.9986788E+00        0.4857397E-02       -0.9938214E+00
       -0.9979814E+00        0.3536170E-02       -0.9944452E+00
       -0.9972611E+00        0.2782667E-02       -0.9944784E+00
       -0.9964905E+00        0.2651124E-02       -0.9938393E+00
       -0.9957341E+00        0.2466878E-02       -0.9932672E+00
       -0.9934003E+00        0.1655843E-02       -0.9917445E+00
       -0.9941787E+00        0.2448455E-02       -0.9917302E+00
       -0.9953689E+00        0.4828251E-02       -0.9905406E+00
       -0.9964535E+00        0.5681583E-02       -0.9907719E+00
       -0.9974382E+00        0.6268883E-02       -0.9911693E+00
       -0.9984073E+00        0.7820431E-02       -0.9905869E+00
       -0.9992470E+00        0.1014648E-01       -0.9891005E+00
       -0.9998135E+00        0.1010148E-01       -0.9897121E+00
       -0.9999985E+00        0.9633786E-02       -0.9903648E+00
       -0.9998636E+00        0.1222296E-01       -0.9876406E+00
       -0.9997133E+00        0.1267053E-02       -0.9984463E+00
       -0.9996182E+00        0.6736107E-03       -0.9989446E+00
       -0.9995424E+00        0.4604605E-03       -0.9990819E+00
       -0.9994246E+00        0.3563758E-03       -0.9990682E+00
       -0.9993487E+00        0.5904909E-04       -0.9992896E+00
       -0.9993550E+00        0.2511507E-03       -0.9991038E+00
       -0.9994390E+00        0.1207291E-02       -0.9982318E+00
       -0.9996165E+00        0.1984873E-02       -0.9976316E+00
       -0.9997988E+00        0.2178903E-02       -0.9976199E+00
       -0.9999381E+00        0.2181214E-02       -0.9977569E+00
       -0.9994456E+00        0.5586683E-02       -0.9938589E+00
       -0.9990849E+00        0.6439177E-02       -0.9926457E+00
       -0.9986643E+00        0.5805615E-02       -0.9928586E+00
       -0.9982360E+00        0.4195703E-02       -0.9940403E+00
       -0.9978658E+00        0.1698036E-02       -0.9961678E+00
       -0.9974724E+00        0.9249024E-03       -0.9965475E+00
       -0.9970668E+00        0.8775119E-03       -0.9961893E+00
       -0.9964701E+00        0.1084253E-02       -0.9953859E+00
       -0.9960637E+00        0.3686975E-03       -0.9956950E+00
       -0.9958622E+00        0.6415382E-03       -0.9952207E+00
       -0.9971572E+00        0.3819250E-02       -0.9933380E+00
       -0.9974729E+00        0.2995435E-02       -0.9944775E+00
       -0.9978591E+00        0.3216296E-02       -0.9946428E+00
       -0.9983970E+00        0.4560390E-02       -0.9938366E+00
       -0.9989285E+00        0.3704814E-02       -0.9952236E+00
       -0.9993687E+00        0.4447318E-02       -0.9949214E+00
       -0.9996684E+00        0.3625413E-02       -0.9960430E+00
       -0.9998827E+00        0.3564430E-02       -0.9963182E+00
       -0.9999928E+00        0.3774548E-02       -0.9962182E+00
       -0.9999664E+00        0.4945781E-02       -0.9950207E+00
       -0.9998935E+00        0.1523281E-02       -0.9983702E+00
       -0.9999605E+00        0.6934336E-03       -0.9992671E+00
       -0.9999848E+00        0.6614461E-03       -0.9993233E+00
       -0.9999984E+00        0.7066271E-03       -0.9992918E+00
       -0.9999961E+00        0.7372460E-03       -0.9992588E+00
       -0.9999685E+00        0.8334086E-03       -0.9991351E+00
       -0.9999242E+00        0.1619373E-02       -0.9983048E+00
       -0.9998187E+00        0.2278758E-02       -0.9975400E+00
       -0.9996419E+00        0.2675645E-02       -0.9969662E+00
       -0.9993947E+00        0.3707879E-02       -0.9956868E+00
       -0.9999987E+00        0.5067684E-02       -0.9949310E+00
       -0.9999833E+00        0.4811047E-02       -0.9951722E+00
       -0.9999106E+00        0.4782004E-02       -0.9951286E+00
       -0.9998174E+00        0.3675348E-02       -0.9961421E+00
       -0.9997322E+00        0.1633672E-02       -0.9980986E+00
       -0.9996475E+00        0.2057874E-02       -0.9975896E+00
       -0.9996072E+00        0.2512537E-02       -0.9970946E+00
       -0.9995840E+00        0.2373295E-02       -0.9972107E+00
       -0.9996282E+00        0.1985933E-02       -0.9976423E+00
       -0.9996788E+00        0.2720605E-02       -0.9969582E+00
       -0.9996259E+00        0.3518143E-02       -0.9961077E+00
       -0.9998372E+00        0.4605085E-02       -0.9952321E+00
       -0.9999735E+00        0.4080918E-02       -0.9958926E+00
       -0.9999928E+00        0.2981846E-02       -0.9970109E+00
       -0.9999218E+00        0.2358366E-02       -0.9975634E+00
       -0.9997946E+00        0.2707846E-02       -0.9970868E+00
       -0.9995578E+00        0.3989288E-02       -0.9955685E+00
       -0.9992634E+00        0.1794174E-02       -0.9974692E+00
       -0.9990354E+00        0.1703910E-02       -0.9973315E+00
       -0.9987777E+00        0.2400012E-02       -0.9963777E+00
       -0.9933376E+00        0.6689158E-02       -0.9866485E+00
       -0.9926483E+00        0.6264304E-02       -0.9863840E+00
       -0.9922628E+00        0.6881353E-02       -0.9853815E+00
       -0.9920587E+00        0.5064072E-02       -0.9869946E+00
       -0.9922095E+00        0.4831422E-02       -0.9873781E+00
       -0.9926513E+00        0.5009127E-02       -0.9876422E+00
       -0.9932697E+00        0.4909831E-02       -0.9883598E+00
       -0.9941678E+00        0.7993577E-02       -0.9861742E+00
       -0.9953222E+00        0.1366637E-01       -0.9816559E+00
       -0.9967328E+00        0.1245904E-01       -0.9842737E+00
       -0.9976761E+00        0.1743005E-02       -0.9959331E+00
       -0.9979726E+00        0.1803018E-02       -0.9961696E+00
       -0.9981962E+00        0.1999098E-02       -0.9961971E+00
       -0.9983237E+00        0.1891100E-02       -0.9964326E+00
       -0.9984865E+00        0.2190234E-02       -0.9962963E+00
       -0.9986190E+00        0.3862721E-02       -0.9947563E+00
       -0.9987539E+00        0.4716641E-02       -0.9940373E+00
       -0.9990322E+00        0.6297237E-02       -0.9927350E+00
       -0.9992490E+00        0.4784892E-02       -0.9944641E+00
       -0.9994229E+00        0.4766941E-02       -0.9946560E+00
       -0.9999576E+00        0.4960157E-02       -0.9949974E+00
       -0.9999930E+00        0.5394620E-02       -0.9945984E+00
       -0.9999997E+00        0.7192797E-02       -0.9928069E+00
       -0.9999888E+00        0.6585113E-02       -0.9934037E+00
       -0.9999762E+00        0.6494815E-02       -0.9934814E+00
       -0.9999773E+00        0.7197446E-02       -0.9927799E+00
       -0.9999828E+00        0.6931152E-02       -0.9930516E+00
       -0.9999979E+00        0.6599788E-02       -0.9933981E+00
       -0.9999968E+00        0.5009971E-02       -0.9949869E+00
       -0.9999899E+00        0.4656667E-02       -0.9953332E+00
       -0.9961852E+00        0.1023305E-01       -0.9859522E+00
       -0.9967382E+00        0.1059170E-01       -0.9861465E+00
       -0.9972661E+00        0.1254252E-01       -0.9847236E+00
       -0.9978059E+00        0.1254115E-01       -0.9852647E+00
       -0.9983389E+00        0.1042195E-01       -0.9879169E+00
       -0.9987086E+00        0.8396165E-02       -0.9903124E+00
       -0.9990721E+00        0.1021513E-01       -0.9888569E+00
       -0.9993987E+00        0.1149008E-01       -0.9879086E+00
       -0.9996950E+00        0.1181725E-01       -0.9878777E+00
       -0.9998761E+00        0.8058496E-02       -0.9918176E+00
       -0.9999921E+00        0.1353924E-01       -0.9864529E+00
       -0.9999907E+00        0.1307836E-01       -0.9869123E+00
       -0.9999291E+00        0.1127386E-01       -0.9886552E+00
       -0.9998003E+00        0.9793997E-02       -0.9900063E+00
       -0.9995860E+00        0.9256893E-02       -0.9903291E+00
       -0.9993366E+00        0.9499519E-02       -0.9898371E+00
       -0.9989625E+00        0.1171330E-01       -0.9872492E+00
       -0.9984930E+00        0.1213375E-01       -0.9863593E+00
       -0.9979966E+00        0.1261015E-01       -0.9853865E+00
       -0.9974647E+00        0.9877108E-02       -0.9875876E+00
       -0.9995063E+00        0.8849996E-02       -0.9906563E+00
       -0.9995379E+00        0.9425434E-02       -0.9901125E+00
       -0.9995707E+00        0.8793491E-02       -0.9907772E+00
       -0.9995649E+00        0.9654360E-02       -0.9899106E+00
       -0.9995424E+00        0.9367509E-02       -0.9901749E+00
       -0.9995342E+00        0.8851673E-02       -0.9906825E+00
       -0.9995186E+00        0.9792918E-02       -0.9897257E+00
       -0.9994730E+00        0.9335804E-02       -0.9901372E+00
       -0.9994691E+00        0.1102891E-01       -0.9884402E+00
       -0.9995730E+00        0.9413290E-02       -0.9901598E+00
       -0.9997386E+00        0.4943881E-02       -0.9947948E+00
       -0.9998412E+00        0.5578677E-02       -0.9942625E+00
       -0.9999155E+00        0.3556609E-02       -0.9963588E+00
       -0.9999529E+00        0.3998762E-02       -0.9959541E+00
       -0.9999788E+00        0.4284622E-02       -0.9956942E+00
       -0.9999940E+00        0.5980224E-02       -0.9940138E+00
       -0.1000000E+01        0.4351999E-02       -0.9956480E+00
       -0.9999919E+00        0.5995805E-02       -0.9939961E+00
       -0.9999617E+00        0.5312871E-02       -0.9946489E+00
       -0.9999168E+00        0.4398536E-02       -0.9955182E+00
       -0.9997439E+00        0.1419092E-01       -0.9855530E+00
       -0.9999270E+00        0.1488723E-01       -0.9850398E+00
       -0.9999968E+00        0.1762609E-01       -0.9823707E+00
       -0.9999770E+00        0.1470188E-01       -0.9852751E+00
       -0.9998757E+00        0.1596523E-01       -0.9839105E+00
       -0.9997183E+00        0.1600464E-01       -0.9837137E+00
       -0.9995006E+00        0.1915494E-01       -0.9803457E+00
       -0.9991498E+00        0.1680683E-01       -0.9823430E+00
       -0.9987098E+00        0.1617485E-01       -0.9825349E+00
       -0.9982231E+00        0.1728053E-01       -0.9809426E+00
       -0.9991926E+00        0.1767508E-02       -0.9974251E+00
       -0.9993314E+00        0.1549027E-02       -0.9977824E+00
       -0.9994881E+00        0.2282127E-02       -0.9972060E+00
       -0.9996701E+00        0.1590366E-02       -0.9980798E+00
       -0.9997556E+00        0.1179606E-02       -0.9985760E+00
       -0.9998232E+00        0.2251877E-02       -0.9975713E+00
       -0.9998930E+00        0.1187422E-02       -0.9987056E+00
       -0.9999274E+00        0.1104433E-02       -0.9988230E+00
       -0.9999455E+00        0.1543931E-02       -0.9984016E+00
       -0.9999658E+00        0.2813171E-02       -0.9971526E+00
       -0.9995718E+00        0.6268730E-02       -0.9933031E+00
       -0.9996671E+00        0.7956742E-02       -0.9917104E+00
       -0.9996975E+00        0.6341200E-02       -0.9933563E+00
       -0.9997347E+00        0.6462575E-02       -0.9932722E+00
       -0.9997239E+00        0.8074301E-02       -0.9916496E+00
       -0.9997063E+00        0.8391955E-02       -0.9913144E+00
       -0.9996689E+00        0.9917939E-02       -0.9897510E+00
       -0.9996233E+00        0.8773151E-02       -0.9908501E+00
       -0.9996203E+00        0.9885162E-02       -0.9897352E+00
       -0.9996320E+00        0.7101249E-02       -0.9925307E+00
       -0.9963661E+00        0.5215650E-02       -0.9911504E+00
       -0.9971194E+00        0.6280286E-02       -0.9908391E+00
       -0.9979512E+00        0.1009803E-01       -0.9878532E+00
       -0.9987890E+00        0.1077309E-01       -0.9880159E+00
       -0.9994646E+00        0.1185367E-01       -0.9876110E+00
       -0.9998651E+00        0.1326754E-01       -0.9865976E+00
       -0.9999999E+00        0.1082117E-01       -0.9891787E+00
       -0.9999056E+00        0.7216940E-02       -0.9926887E+00
       -0.9996583E+00        0.9170125E-02       -0.9904882E+00
       -0.9993196E+00        0.5277361E-02       -0.9940422E+00
       -0.9988178E+00        0.2174907E-02       -0.9966428E+00
       -0.9988462E+00        0.2113527E-02       -0.9967326E+00
       -0.9990687E+00        0.3017763E-02       -0.9960509E+00
       -0.9993545E+00        0.3431331E-02       -0.9959232E+00
       -0.9996188E+00        0.3118505E-02       -0.9965003E+00
       -0.9998113E+00        0.2993418E-02       -0.9968179E+00
       -0.9999470E+00        0.2590862E-02       -0.9973561E+00
       -0.9999969E+00        0.3210261E-02       -0.9967867E+00
       -0.9999885E+00        0.3622582E-02       -0.9963660E+00
       -0.9999216E+00        0.3605523E-02       -0.9963161E+00
       -0.9999931E+00        0.4637515E-02       -0.9953556E+00
       -0.9998641E+00        0.4221717E-02       -0.9956424E+00
       -0.9995949E+00        0.4561858E-02       -0.9950330E+00
       -0.9991455E+00        0.5155034E-02       -0.9939905E+00
       -0.9984590E+00        0.5848759E-02       -0.9926103E+00
       -0.9975264E+00        0.5753053E-02       -0.9917733E+00
       -0.9965363E+00        0.3622102E-02       -0.9929142E+00
       -0.9956867E+00        0.1608845E-02       -0.9940778E+00
       -0.9948467E+00        0.2336043E-02       -0.9925107E+00
       -0.9939794E+00        0.2117063E-02       -0.9918624E+00
       -0.9999224E+00        0.3111966E-02       -0.9968104E+00
       -0.9997676E+00        0.2774214E-02       -0.9969934E+00
       -0.9995961E+00        0.2513381E-02       -0.9970827E+00
       -0.9994180E+00        0.1962303E-02       -0.9974557E+00
       -0.9993023E+00        0.1994501E-02       -0.9973078E+00
       -0.9992472E+00        0.2114226E-02       -0.9971329E+00
       -0.9992226E+00        0.1723461E-02       -0.9974992E+00
       -0.9992944E+00        0.1784773E-02       -0.9975097E+00
       -0.9993962E+00        0.1829743E-02       -0.9975665E+00
       -0.9994133E+00        0.2394753E-02       -0.9970185E+00
       -0.9999911E+00        0.1361019E-02       -0.9986301E+00
       -0.9999959E+00        0.1595056E-02       -0.9984008E+00
       -0.1000000E+01        0.1881672E-02       -0.9981183E+00
       -0.1000000E+01        0.2418283E-02       -0.9975817E+00
       -0.9999990E+00        0.2601624E-02       -0.9973974E+00
       -0.9999994E+00        0.3710391E-02       -0.9962890E+00
       -0.1000000E+01        0.6448575E-02       -0.9935514E+00
       -0.1000000E+01        0.6054370E-02       -0.9939456E+00
       -0.9999999E+00        0.3160226E-02       -0.9968397E+00
       -0.9999980E+00        0.3221958E-02       -0.9967760E+00
       -0.9961262E+00        0.2387145E-02       -0.9937390E+00
       -0.9957426E+00        0.3491779E-02       -0.9922509E+00
       -0.9956327E+00        0.3133815E-02       -0.9924989E+00
       -0.9958302E+00        0.4137063E-02       -0.9916931E+00
       -0.9961206E+00        0.2939430E-02       -0.9931811E+00
       -0.9963953E+00        0.1250306E-02       -0.9951450E+00
       -0.9967105E+00        0.1670551E-02       -0.9950400E+00
       -0.9968918E+00        0.2704865E-02       -0.9941869E+00
       -0.9971861E+00        0.3016313E-02       -0.9941697E+00
       -0.9975915E+00        0.3253569E-02       -0.9943379E+00
       -0.9996198E+00        0.4415471E-02       -0.9952044E+00
       -0.9996218E+00        0.2610588E-02       -0.9970112E+00
       -0.9996785E+00        0.4086107E-02       -0.9955924E+00
       -0.9998168E+00        0.5019192E-02       -0.9947976E+00
       -0.9999450E+00        0.6435623E-02       -0.9935094E+00
       -0.9999980E+00        0.6662709E-02       -0.9933352E+00
       -0.9999963E+00        0.5134082E-02       -0.9948622E+00
       -0.9999814E+00        0.4334109E-02       -0.9956473E+00
       -0.9999560E+00        0.4907875E-02       -0.9950481E+00
       -0.9998966E+00        0.5307235E-02       -0.9945894E+00
       -0.9998825E+00        0.1725733E-01       -0.9826252E+00
       -0.9999635E+00        0.1790808E-01       -0.9820554E+00
       -0.9999969E+00        0.1744215E-01       -0.9825548E+00
       -0.9999981E+00        0.2053329E-01       -0.9794648E+00
       -0.9999820E+00        0.1807000E-01       -0.9819120E+00
       -0.9999745E+00        0.1625777E-01       -0.9837167E+00
       -0.9999643E+00        0.1916387E-01       -0.9808005E+00
       -0.9999359E+00        0.1970250E-01       -0.9802334E+00
       -0.9999055E+00        0.1887932E-01       -0.9810261E+00
       -0.9998795E+00        0.1388196E-01       -0.9859976E+00
       -0.9997446E+00        0.3363749E-02       -0.9963808E+00
       -0.9995393E+00        0.4206339E-02       -0.9953330E+00
       -0.9992545E+00        0.5003285E-02       -0.9942512E+00
       -0.9989911E+00        0.5362339E-02       -0.9936288E+00
       -0.9986817E+00        0.5810641E-02       -0.9928711E+00
       -0.9982643E+00        0.5058054E-02       -0.9932062E+00
       -0.9978974E+00        0.5443254E-02       -0.9924541E+00
       -0.9975693E+00        0.6547066E-02       -0.9910222E+00
       -0.9971565E+00        0.7027932E-02       -0.9901286E+00
       -0.9968320E+00        0.5863243E-02       -0.9909687E+00
       -0.9992316E+00        0.4602629E-02       -0.9946289E+00
       -0.9986627E+00        0.3889885E-02       -0.9947728E+00
       -0.9981391E+00        0.2081927E-02       -0.9960572E+00
       -0.9977543E+00        0.9318755E-03       -0.9968224E+00
       -0.9974096E+00        0.1010687E-02       -0.9963990E+00
       -0.9970100E+00        0.7403309E-03       -0.9962697E+00
       -0.9967449E+00        0.2355268E-03       -0.9965094E+00
       -0.9965726E+00        0.1820448E-03       -0.9963906E+00
       -0.9965495E+00        0.2711585E-03       -0.9962784E+00
       -0.9966002E+00        0.4517639E-03       -0.9961484E+00
       -0.9997484E+00        0.4946802E-03       -0.9992537E+00
       -0.9996957E+00        0.1370777E-02       -0.9983249E+00
       -0.9996756E+00        0.1750030E-02       -0.9979256E+00
       -0.9996653E+00        0.1355550E-02       -0.9983097E+00
       -0.9996694E+00        0.2434097E-02       -0.9972353E+00
       -0.9997054E+00        0.1289047E-02       -0.9984164E+00
       -0.9997540E+00        0.1623923E-02       -0.9981301E+00
       -0.9997990E+00        0.2248643E-02       -0.9975504E+00
       -0.9998446E+00        0.2709319E-02       -0.9971353E+00
       -0.9998874E+00        0.2796918E-02       -0.9970905E+00
       -0.9903404E+00        0.3913702E-02       -0.9864267E+00
       -0.9892017E+00        0.1801458E-02       -0.9874002E+00
       -0.9889111E+00        0.8103361E-03       -0.9881007E+00
       -0.9889306E+00        0.1065014E-02       -0.9878656E+00
       -0.9893964E+00        0.1355004E-02       -0.9880414E+00
       -0.9899312E+00        0.7493573E-03       -0.9891819E+00
       -0.9906538E+00        0.2365062E-02       -0.9882887E+00
       -0.9916859E+00        0.3887542E-02       -0.9877983E+00
       -0.9931414E+00        0.5648595E-02       -0.9874928E+00
       -0.9949123E+00        0.9715388E-02       -0.9851969E+00
       -0.9985681E+00        0.1896477E-02       -0.9966716E+00
       -0.9987798E+00        0.1303253E-02       -0.9974766E+00
       -0.9989384E+00        0.2254447E-02       -0.9966840E+00
       -0.9991556E+00        0.1890895E-02       -0.9972647E+00
       -0.9994003E+00        0.1993717E-02       -0.9974066E+00
       -0.9995932E+00        0.2118392E-02       -0.9974748E+00
       -0.9997250E+00        0.2063183E-02       -0.9976618E+00
       -0.9998302E+00        0.1232322E-02       -0.9985978E+00
       -0.9998820E+00        0.9888229E-03       -0.9988932E+00
       -0.9999003E+00        0.9241011E-03       -0.9989762E+00
       -0.9994021E+00        0.2455027E-02       -0.9969471E+00
       -0.9992790E+00        0.1941406E-02       -0.9973376E+00
       -0.9991546E+00        0.9807717E-03       -0.9981738E+00
       -0.9990887E+00        0.8905831E-03       -0.9981981E+00
       -0.9990104E+00        0.9463422E-03       -0.9980641E+00
       -0.9989497E+00        0.8308443E-03       -0.9981189E+00
       -0.9989818E+00        0.9093546E-03       -0.9980725E+00
       -0.9990945E+00        0.1813192E-02       -0.9972813E+00
       -0.9992745E+00        0.2339439E-02       -0.9969350E+00
       -0.9994409E+00        0.2076132E-02       -0.9973648E+00
       -0.9921095E+00        0.4716321E-02       -0.9873932E+00
       -0.9928350E+00        0.4515448E-02       -0.9883196E+00
       -0.9937466E+00        0.5123377E-02       -0.9886232E+00
       -0.9947457E+00        0.5679257E-02       -0.9890664E+00
       -0.9957428E+00        0.5260399E-02       -0.9904824E+00
       -0.9968430E+00        0.8227585E-02       -0.9886154E+00
       -0.9978853E+00        0.1141784E-01       -0.9864675E+00
       -0.9987722E+00        0.1211422E-01       -0.9866580E+00
       -0.9994438E+00        0.1156236E-01       -0.9878814E+00
       -0.9998659E+00        0.1338409E-01       -0.9864818E+00
       -0.9999410E+00        0.2757095E-02       -0.9971839E+00
       -0.9999740E+00        0.1927751E-02       -0.9980462E+00
       -0.9999913E+00        0.2491399E-02       -0.9974999E+00
       -0.9999998E+00        0.2366960E-02       -0.9976328E+00
       -0.9999924E+00        0.3511327E-02       -0.9964810E+00
       -0.9999614E+00        0.3867788E-02       -0.9960936E+00
       -0.9999307E+00        0.4353529E-02       -0.9955772E+00
       -0.9998571E+00        0.5186260E-02       -0.9946709E+00
       -0.9997630E+00        0.4236649E-02       -0.9955264E+00
       -0.9996409E+00        0.3728102E-02       -0.9959128E+00
       -0.9999392E+00        0.2733118E-02       -0.9972061E+00
       -0.9998697E+00        0.2244624E-02       -0.9976250E+00
       -0.9997711E+00        0.2613035E-02       -0.9971581E+00
       -0.9996875E+00        0.1817812E-02       -0.9978697E+00
       -0.9996171E+00        0.1703408E-02       -0.9979137E+00
       -0.9995668E+00        0.1677135E-02       -0.9978896E+00
       -0.9994991E+00        0.1472075E-02       -0.9980270E+00
       -0.9995125E+00        0.1356167E-02       -0.9981563E+00
       -0.9996093E+00        0.7407546E-03       -0.9988685E+00
       -0.9997171E+00        0.1111758E-02       -0.9986053E+00
       -0.9999143E+00        0.8077174E-02       -0.9918371E+00
       -0.9999938E+00        0.9077750E-02       -0.9909161E+00
       -0.9998080E+00        0.7364477E-02       -0.9924435E+00
       -0.9993747E+00        0.8922131E-02       -0.9904526E+00
       -0.9987106E+00        0.9000760E-02       -0.9897099E+00
       -0.9977865E+00        0.7797996E-02       -0.9899885E+00
       -0.9967608E+00        0.7008395E-02       -0.9897524E+00
       -0.9957843E+00        0.5095280E-02       -0.9906891E+00
       -0.9948815E+00        0.4662856E-02       -0.9902186E+00
       -0.9942812E+00        0.2872734E-02       -0.9914084E+00
       -0.9975000E+00        0.7620042E-02       -0.9898799E+00
       -0.9976031E+00        0.6099775E-02       -0.9915033E+00
       -0.9977228E+00        0.4694134E-02       -0.9930287E+00
       -0.9977161E+00        0.5427185E-02       -0.9922890E+00
       -0.9977460E+00        0.3521471E-02       -0.9942245E+00
       -0.9978763E+00        0.2202257E-02       -0.9956740E+00
       -0.9980681E+00        0.2565196E-02       -0.9955029E+00
       -0.9983876E+00        0.3146010E-02       -0.9952416E+00
       -0.9988855E+00        0.5031052E-02       -0.9938545E+00
       -0.9994776E+00        0.8819252E-02       -0.9906583E+00
       -0.9993090E+00        0.2848618E-02       -0.9964604E+00
       -0.9990603E+00        0.2253225E-02       -0.9968071E+00
       -0.9987680E+00        0.2834876E-02       -0.9959332E+00
       -0.9984577E+00        0.2702741E-02       -0.9957549E+00
       -0.9981578E+00        0.1706644E-02       -0.9964511E+00
       -0.9978572E+00        0.2262614E-02       -0.9955946E+00
       -0.9976371E+00        0.1620624E-02       -0.9960165E+00
       -0.9973971E+00        0.1359119E-02       -0.9960379E+00
       -0.9971988E+00        0.2602196E-02       -0.9945966E+00
       -0.9971259E+00        0.3863472E-02       -0.9932624E+00
       -0.9965876E+00        0.1206083E-02       -0.9953816E+00
       -0.9965610E+00        0.1547560E-02       -0.9950135E+00
       -0.9964568E+00        0.1560280E-02       -0.9948965E+00
       -0.9963313E+00        0.9067847E-03       -0.9954245E+00
       -0.9964419E+00        0.2271227E-02       -0.9941707E+00
       -0.9967047E+00        0.9833661E-03       -0.9957214E+00
       -0.9970309E+00        0.1335818E-02       -0.9956951E+00
       -0.9974214E+00        0.1756984E-02       -0.9956644E+00
       -0.9979717E+00        0.3470564E-02       -0.9945012E+00
       -0.9984293E+00        0.2692979E-02       -0.9957363E+00
       -0.9972572E+00        0.4128786E-02       -0.9931284E+00
       -0.9978265E+00        0.3427749E-02       -0.9943988E+00
       -0.9983553E+00        0.2987825E-02       -0.9953674E+00
       -0.9987769E+00        0.3200183E-02       -0.9955767E+00
       -0.9991478E+00        0.3031584E-02       -0.9961162E+00
       -0.9994565E+00        0.3092032E-02       -0.9963644E+00
       -0.9996851E+00        0.3805247E-02       -0.9958798E+00
       -0.9998594E+00        0.2876408E-02       -0.9969830E+00
       -0.9999464E+00        0.2562589E-02       -0.9973838E+00
       -0.9999713E+00        0.2425425E-02       -0.9975458E+00
       -0.9995652E+00        0.1286676E-02       -0.9982786E+00
       -0.9997036E+00        0.1942130E-02       -0.9977615E+00
       -0.9998055E+00        0.2641761E-02       -0.9971637E+00
       -0.9998853E+00        0.2655545E-02       -0.9972297E+00
       -0.9999173E+00        0.1331662E-02       -0.9985856E+00
       -0.9999414E+00        0.2266744E-02       -0.9976747E+00
       -0.9999684E+00        0.4229889E-02       -0.9957385E+00
       -0.9999806E+00        0.4217620E-02       -0.9957629E+00
       -0.9999767E+00        0.5059873E-02       -0.9949168E+00
       -0.9999605E+00        0.6280627E-02       -0.9936798E+00
       -0.9980438E+00        0.2923759E-03       -0.9977514E+00
       -0.9982603E+00        0.7282577E-03       -0.9975321E+00
       -0.9985078E+00        0.1645566E-02       -0.9968623E+00
       -0.9988235E+00        0.2690499E-02       -0.9961330E+00
       -0.9991894E+00        0.2951371E-02       -0.9962380E+00
       -0.9995439E+00        0.4301171E-02       -0.9952427E+00
       -0.9998064E+00        0.3262211E-02       -0.9965442E+00
       -0.9999512E+00        0.3277125E-02       -0.9966741E+00
       -0.9999996E+00        0.4709386E-02       -0.9952902E+00
       -0.9999358E+00        0.4643972E-02       -0.9952918E+00
       -0.9932423E+00        0.1885690E-01       -0.9743854E+00
       -0.9923348E+00        0.1439854E-01       -0.9779363E+00
       -0.9921314E+00        0.1260454E-01       -0.9795269E+00
       -0.9921756E+00        0.1224026E-01       -0.9799354E+00
       -0.9926816E+00        0.1291090E-01       -0.9797707E+00
       -0.9937853E+00        0.1064578E-01       -0.9831396E+00
       -0.9951635E+00        0.1305746E-01       -0.9821060E+00
       -0.9964044E+00        0.1138173E-01       -0.9850227E+00
       -0.9975269E+00        0.1058894E-01       -0.9869380E+00
       -0.9984620E+00        0.1078832E-01       -0.9876737E+00
       -0.9996773E+00        0.1104145E-01       -0.9886358E+00
       -0.9996447E+00        0.1041806E-01       -0.9892267E+00
       -0.9996744E+00        0.1214203E-01       -0.9875324E+00
       -0.9996643E+00        0.9548624E-02       -0.9901157E+00
       -0.9996549E+00        0.1035721E-01       -0.9892977E+00
       -0.9995948E+00        0.1291060E-01       -0.9866842E+00
       -0.9995024E+00        0.1093146E-01       -0.9885710E+00
       -0.9993966E+00        0.6566629E-02       -0.9928300E+00
       -0.9992772E+00        0.7761017E-02       -0.9915162E+00
       -0.9991733E+00        0.7170217E-02       -0.9920031E+00
       -0.9969788E+00        0.3882450E-03       -0.9965905E+00
       -0.9970879E+00        0.1857923E-03       -0.9969021E+00
       -0.9972243E+00        0.1716460E-03       -0.9970526E+00
       -0.9973485E+00        0.4210377E-03       -0.9969274E+00
       -0.9975626E+00        0.1001020E-02       -0.9965616E+00
       -0.9976911E+00        0.4251235E-03       -0.9972660E+00
       -0.9979021E+00        0.9606198E-03       -0.9969415E+00
       -0.9981797E+00        0.1106990E-02       -0.9970728E+00
       -0.9984281E+00        0.1552479E-02       -0.9968756E+00
       -0.9987754E+00        0.2289777E-02       -0.9964856E+00
       -0.9894463E+00        0.3609455E-02       -0.9858369E+00
       -0.9903247E+00        0.6702431E-02       -0.9836222E+00
       -0.9915165E+00        0.8018761E-02       -0.9834977E+00
       -0.9929439E+00        0.8318057E-02       -0.9846258E+00
       -0.9943550E+00        0.9641970E-02       -0.9847130E+00
       -0.9956979E+00        0.9837795E-02       -0.9858601E+00
       -0.9968957E+00        0.8944155E-02       -0.9879515E+00
       -0.9978671E+00        0.8503040E-02       -0.9893640E+00
       -0.9987508E+00        0.1161079E-01       -0.9871400E+00
       -0.9995040E+00        0.1182185E-01       -0.9876822E+00
       -0.9997906E+00        0.5380763E-02       -0.9944098E+00
       -0.9995474E+00        0.3206373E-02       -0.9963410E+00
       -0.9992379E+00        0.5204995E-02       -0.9940329E+00
       -0.9988945E+00        0.3507146E-02       -0.9953874E+00
       -0.9985772E+00        0.3595169E-02       -0.9949821E+00
       -0.9981265E+00        0.4218662E-02       -0.9939078E+00
       -0.9977419E+00        0.2612250E-02       -0.9951297E+00
       -0.9974846E+00        0.1695504E-02       -0.9957891E+00
       -0.9974370E+00        0.7734139E-03       -0.9966636E+00
       -0.9975471E+00        0.1054292E-02       -0.9964929E+00
       -0.9998828E+00        0.2147070E-02       -0.9977357E+00
       -0.9999644E+00        0.2361168E-02       -0.9976032E+00
       -0.9999999E+00        0.2928289E-02       -0.9970716E+00
       -0.9999466E+00        0.3901291E-02       -0.9960453E+00
       -0.9998138E+00        0.2725130E-02       -0.9970887E+00
       -0.9996495E+00        0.2749057E-02       -0.9969005E+00
       -0.9994856E+00        0.2470800E-02       -0.9970148E+00
       -0.9993559E+00        0.1917545E-02       -0.9974383E+00
       -0.9991596E+00        0.2643363E-02       -0.9965162E+00
       -0.9988797E+00        0.3063197E-02       -0.9958165E+00
       -0.9984000E+00        0.4003131E-02       -0.9943969E+00
       -0.9985557E+00        0.3408778E-02       -0.9951470E+00
       -0.9988469E+00        0.3468681E-02       -0.9953782E+00
       -0.9991446E+00        0.3055094E-02       -0.9960895E+00
       -0.9994515E+00        0.3525645E-02       -0.9959259E+00
       -0.9997609E+00        0.3721957E-02       -0.9960389E+00
       -0.9999465E+00        0.3389999E-02       -0.9965565E+00
       -0.9999982E+00        0.4394146E-02       -0.9956041E+00
       -0.9999090E+00        0.5927640E-02       -0.9939814E+00
       -0.9996737E+00        0.6158562E-02       -0.9935151E+00
       -0.9999230E+00        0.3506508E-03       -0.9995723E+00
       -0.9998810E+00        0.4861560E-03       -0.9993949E+00
       -0.9998203E+00        0.5478533E-03       -0.9992725E+00
       -0.9997600E+00        0.9449538E-04       -0.9996655E+00
       -0.9997224E+00        0.3504371E-03       -0.9993719E+00
       -0.9997162E+00        0.5867655E-03       -0.9991295E+00
       -0.9996912E+00        0.8524869E-03       -0.9988387E+00
       -0.9996776E+00        0.1337509E-02       -0.9983400E+00
       -0.9997255E+00        0.1271432E-02       -0.9984540E+00
       -0.9997890E+00        0.1340028E-02       -0.9984489E+00
       -0.9976914E+00        0.5956644E-03       -0.9970958E+00
       -0.9977673E+00        0.3865158E-03       -0.9973808E+00
       -0.9979385E+00        0.8307590E-03       -0.9971078E+00
       -0.9981533E+00        0.2400302E-02       -0.9957530E+00
       -0.9982945E+00        0.1871989E-02       -0.9964225E+00
       -0.9983638E+00        0.1728106E-02       -0.9966357E+00
       -0.9984937E+00        0.1789928E-02       -0.9967038E+00
       -0.9986201E+00        0.2050655E-02       -0.9965695E+00
       -0.9987537E+00        0.3223011E-02       -0.9955307E+00
       -0.9989118E+00        0.2067290E-02       -0.9968445E+00
       -0.9999287E+00        0.4586379E-02       -0.9953424E+00
       -0.9998019E+00        0.5527525E-02       -0.9942744E+00
       -0.9996623E+00        0.6578671E-02       -0.9930836E+00
       -0.9995053E+00        0.7280098E-02       -0.9922252E+00
       -0.9993252E+00        0.7092342E-02       -0.9922328E+00
       -0.9991320E+00        0.7973441E-02       -0.9911586E+00
       -0.9990281E+00        0.8916123E-02       -0.9901120E+00
       -0.9990432E+00        0.6509001E-02       -0.9925342E+00
       -0.9990504E+00        0.7874396E-02       -0.9911760E+00
       -0.9990367E+00        0.6654702E-02       -0.9923820E+00
       -0.9997306E+00        0.5581635E-02       -0.9941490E+00
       -0.9996827E+00        0.5236186E-02       -0.9944465E+00
       -0.9996444E+00        0.5116380E-02       -0.9945281E+00
       -0.9996271E+00        0.5234454E-02       -0.9943927E+00
       -0.9996577E+00        0.5506880E-02       -0.9941508E+00
       -0.9997194E+00        0.3849602E-02       -0.9958698E+00
       -0.9998070E+00        0.3882511E-02       -0.9959245E+00
       -0.9999176E+00        0.3628093E-02       -0.9962895E+00
       -0.9999881E+00        0.5678275E-02       -0.9943098E+00
       -0.9999935E+00        0.5692794E-02       -0.9943007E+00
       -0.9970417E+00        0.5689445E-03       -0.9964727E+00
       -0.9972632E+00        0.5923306E-03       -0.9966709E+00
       -0.9974846E+00        0.7932688E-03       -0.9966913E+00
       -0.9978982E+00        0.1439784E-02       -0.9964584E+00
       -0.9983306E+00        0.1751472E-02       -0.9965791E+00
       -0.9987258E+00        0.1496659E-02       -0.9972291E+00
       -0.9991353E+00        0.2505969E-02       -0.9966293E+00
       -0.9994704E+00        0.3143564E-02       -0.9963268E+00
       -0.9997049E+00        0.3354882E-02       -0.9963500E+00
       -0.9998828E+00        0.3185421E-02       -0.9966974E+00
       -0.9995591E+00        0.9269841E-02       -0.9902893E+00
       -0.9999082E+00        0.7500106E-02       -0.9924081E+00
       -0.1000000E+01        0.5632947E-02       -0.9943671E+00
       -0.9999089E+00        0.7243713E-02       -0.9926652E+00
       -0.9996099E+00        0.7477694E-02       -0.9921323E+00
       -0.9991684E+00        0.5047551E-02       -0.9941209E+00
       -0.9986389E+00        0.3411959E-02       -0.9952269E+00
       -0.9981788E+00        0.1714205E-02       -0.9964646E+00
       -0.9977601E+00        0.1096604E-02       -0.9966635E+00
       -0.9973990E+00        0.1491055E-02       -0.9959080E+00
       -0.9997065E+00        0.1105616E-01       -0.9886503E+00
       -0.9998625E+00        0.1064202E-01       -0.9892204E+00
       -0.9999585E+00        0.1363263E-01       -0.9863258E+00
       -0.9999981E+00        0.1083457E-01       -0.9891635E+00
       -0.9999973E+00        0.1058495E-01       -0.9894123E+00
       -0.9999778E+00        0.1244126E-01       -0.9875365E+00
       -0.9999353E+00        0.1376757E-01       -0.9861678E+00
       -0.9998796E+00        0.1400692E-01       -0.9858727E+00
       -0.9998221E+00        0.1127338E-01       -0.9885487E+00
       -0.9997553E+00        0.1221809E-01       -0.9875373E+00
       -0.9978666E+00        0.9715707E-02       -0.9881508E+00
       -0.9983460E+00        0.9440292E-02       -0.9889057E+00
       -0.9986755E+00        0.8963829E-02       -0.9897116E+00
       -0.9990089E+00        0.1092290E-01       -0.9880860E+00
       -0.9993605E+00        0.1117727E-01       -0.9881832E+00
       -0.9996311E+00        0.1159664E-01       -0.9880345E+00
       -0.9998622E+00        0.1219255E-01       -0.9876696E+00
       -0.9999932E+00        0.1687266E-01       -0.9831205E+00
       -0.9999569E+00        0.1605500E-01       -0.9839019E+00
       -0.9997686E+00        0.1641887E-01       -0.9833497E+00
       -0.9989677E+00        0.8828213E-03       -0.9980849E+00
       -0.9987460E+00        0.1541535E-02       -0.9972045E+00
       -0.9984757E+00        0.1750838E-02       -0.9967248E+00
       -0.9981923E+00        0.1858930E-02       -0.9963334E+00
       -0.9979272E+00        0.1820394E-02       -0.9961068E+00
       -0.9975725E+00        0.1538648E-02       -0.9960339E+00
       -0.9972197E+00        0.1065364E-02       -0.9961544E+00
       -0.9970136E+00        0.1497006E-02       -0.9955166E+00
       -0.9968616E+00        0.1673968E-02       -0.9951876E+00
       -0.9970810E+00        0.2275117E-02       -0.9948059E+00
       -0.9998958E+00        0.6126224E-03       -0.9992832E+00
       -0.9999510E+00        0.6740741E-03       -0.9992769E+00
       -0.9999928E+00        0.1678749E-02       -0.9983140E+00
       -0.9999919E+00        0.1725244E-02       -0.9982666E+00
       -0.9999166E+00        0.2869292E-02       -0.9970473E+00
       -0.9997394E+00        0.2785922E-02       -0.9969535E+00
       -0.9994310E+00        0.4004230E-02       -0.9954268E+00
       -0.9989636E+00        0.4695204E-02       -0.9942684E+00
       -0.9983805E+00        0.3849280E-02       -0.9945312E+00
       -0.9978643E+00        0.2569998E-02       -0.9952943E+00
       -0.9973788E+00        0.1366442E-01       -0.9837143E+00
       -0.9963863E+00        0.1757182E-01       -0.9788145E+00
       -0.9952845E+00        0.1579468E-01       -0.9794898E+00
       -0.9943844E+00        0.1529971E-01       -0.9790847E+00
       -0.9936983E+00        0.1357431E-01       -0.9801239E+00
       -0.9934702E+00        0.8684076E-02       -0.9847861E+00
       -0.9934888E+00        0.1021267E-01       -0.9832761E+00
       -0.9935865E+00        0.9520562E-02       -0.9840659E+00
       -0.9941114E+00        0.7081360E-02       -0.9870301E+00
       -0.9950269E+00        0.7334695E-02       -0.9876922E+00
       -0.9999877E+00        0.8433219E-03       -0.9991444E+00
       -0.9999654E+00        0.6166686E-03       -0.9993487E+00
       -0.9999429E+00        0.2320074E-03       -0.9997109E+00
       -0.9999330E+00        0.2082578E-03       -0.9997247E+00
       -0.9999257E+00        0.7969447E-04       -0.9998460E+00
       -0.9999343E+00        0.2448261E-03       -0.9996895E+00
       -0.9999417E+00        0.1569613E-03       -0.9997848E+00
       -0.9999479E+00        0.2047681E-03       -0.9997431E+00
       -0.9999560E+00        0.9664960E-04       -0.9998593E+00
       -0.9999588E+00        0.1134790E-03       -0.9998454E+00
       -0.9999203E+00        0.1018263E-01       -0.9897377E+00
       -0.9994944E+00        0.9149171E-02       -0.9903453E+00
       -0.9987740E+00        0.7504806E-02       -0.9912692E+00
       -0.9976594E+00        0.9190359E-02       -0.9884691E+00
       -0.9960760E+00        0.8613388E-02       -0.9874627E+00
       -0.9943235E+00        0.6942363E-02       -0.9873811E+00
       -0.9925214E+00        0.5125155E-02       -0.9873963E+00
       -0.9906869E+00        0.3535847E-02       -0.9871510E+00
       -0.9889578E+00        0.2696339E-02       -0.9862615E+00
       -0.9874689E+00        0.1688409E-02       -0.9857804E+00
       -0.9865892E+00        0.3672722E-03       -0.9862220E+00
       -0.9864775E+00        0.8512042E-04       -0.9863923E+00
       -0.9868117E+00        0.3528381E-03       -0.9864588E+00
       -0.9875923E+00        0.7048605E-03       -0.9868875E+00
       -0.9890899E+00        0.4347936E-02       -0.9847419E+00
       -0.9912238E+00        0.5871088E-02       -0.9853527E+00
       -0.9932836E+00        0.6650423E-02       -0.9866332E+00
       -0.9951024E+00        0.7594068E-02       -0.9875084E+00
       -0.9967811E+00        0.1073002E-01       -0.9860511E+00
       -0.9980970E+00        0.9274655E-02       -0.9888223E+00
       -0.9999993E+00        0.5712485E-02       -0.9942868E+00
       -0.9999844E+00        0.6981700E-02       -0.9930027E+00
       -0.9999519E+00        0.4935248E-02       -0.9950166E+00
       -0.9999020E+00        0.4015559E-02       -0.9958865E+00
       -0.9998442E+00        0.4343693E-02       -0.9955006E+00
       -0.9998127E+00        0.2807243E-02       -0.9970054E+00
       -0.9997854E+00        0.3608132E-02       -0.9961773E+00
       -0.9997499E+00        0.2860030E-02       -0.9968899E+00
       -0.9997072E+00        0.4295972E-02       -0.9954112E+00
       -0.9996550E+00        0.5671318E-02       -0.9939837E+00
       -0.9955523E+00        0.1096136E-02       -0.9944561E+00
       -0.9955478E+00        0.1202906E-02       -0.9943449E+00
       -0.9954999E+00        0.1236069E-02       -0.9942638E+00
       -0.9956304E+00        0.2310722E-02       -0.9933197E+00
       -0.9959604E+00        0.3446796E-02       -0.9925136E+00
       -0.9965907E+00        0.4932000E-02       -0.9916587E+00
       -0.9972734E+00        0.5152279E-02       -0.9921211E+00
       -0.9980956E+00        0.7859610E-02       -0.9902360E+00
       -0.9989051E+00        0.9041666E-02       -0.9898635E+00
       -0.9995647E+00        0.1262151E-01       -0.9869432E+00
       -0.9982975E+00        0.8200709E-02       -0.9900968E+00
       -0.9990824E+00        0.1210621E-01       -0.9869762E+00
       -0.9996812E+00        0.1068784E-01       -0.9889933E+00
       -0.9999612E+00        0.8604039E-02       -0.9913571E+00
       -0.9999774E+00        0.7236970E-02       -0.9927405E+00
       -0.9997663E+00        0.6789768E-02       -0.9929765E+00
       -0.9993193E+00        0.7000110E-02       -0.9923192E+00
       -0.9985342E+00        0.9642293E-02       -0.9888919E+00
       -0.9973247E+00        0.8337122E-02       -0.9889875E+00
       -0.9959684E+00        0.4473409E-02       -0.9914950E+00
       -0.9999309E+00        0.2368774E-02       -0.9975622E+00
       -0.9998244E+00        0.2472451E-02       -0.9973519E+00
       -0.9996443E+00        0.3101502E-02       -0.9965428E+00
       -0.9993977E+00        0.3214737E-02       -0.9961830E+00
       -0.9991017E+00        0.3007517E-02       -0.9960942E+00
       -0.9988469E+00        0.3398909E-02       -0.9954479E+00
       -0.9986418E+00        0.3122376E-02       -0.9955194E+00
       -0.9985532E+00        0.2740322E-02       -0.9958128E+00
       -0.9985713E+00        0.3262659E-02       -0.9953086E+00
       -0.9987931E+00        0.3268417E-02       -0.9955247E+00
       -0.1000000E+01        0.1037956E-01       -0.9896204E+00
       -0.9998831E+00        0.1265560E-01       -0.9872275E+00
       -0.9995442E+00        0.1108355E-01       -0.9884607E+00
       -0.9989393E+00        0.1093707E-01       -0.9880023E+00
       -0.9982181E+00        0.1121793E-01       -0.9870001E+00
       -0.9973138E+00        0.1292007E-01       -0.9843937E+00
       -0.9961785E+00        0.1402755E-01       -0.9821509E+00
       -0.9949840E+00        0.1126096E-01       -0.9837231E+00
       -0.9936296E+00        0.1055853E-01       -0.9830711E+00
       -0.9921189E+00        0.1111263E-01       -0.9810063E+00
       -0.9903965E+00        0.9415526E-02       -0.9809809E+00
       -0.9886586E+00        0.9160726E-02       -0.9794978E+00
       -0.9872344E+00        0.5538355E-02       -0.9816960E+00
       -0.9860959E+00        0.4168639E-02       -0.9819273E+00
       -0.9854572E+00        0.3487692E-02       -0.9819695E+00
       -0.9852338E+00        0.3187849E-02       -0.9820460E+00
       -0.9853396E+00        0.2793729E-02       -0.9825458E+00
       -0.9858243E+00        0.3635315E-02       -0.9821890E+00
       -0.9865308E+00        0.3215796E-02       -0.9833150E+00
       -0.9874088E+00        0.3030616E-02       -0.9843782E+00
       -0.9988022E+00        0.6417426E-02       -0.9923848E+00
       -0.9985801E+00        0.4892831E-02       -0.9936873E+00
       -0.9984045E+00        0.4128338E-02       -0.9942762E+00
       -0.9982920E+00        0.4156664E-02       -0.9941354E+00
       -0.9982196E+00        0.4298995E-02       -0.9939207E+00
       -0.9980960E+00        0.3368602E-02       -0.9947274E+00
       -0.9980477E+00        0.2250032E-02       -0.9957976E+00
       -0.9980313E+00        0.1908062E-02       -0.9961232E+00
       -0.9980609E+00        0.1467241E-02       -0.9965937E+00
       -0.9981676E+00        0.5340945E-03       -0.9976335E+00
       -0.9994347E+00        0.3089776E-02       -0.9963450E+00
       -0.9992640E+00        0.2226265E-02       -0.9970378E+00
       -0.9990923E+00        0.2915940E-02       -0.9961763E+00
       -0.9989218E+00        0.5986439E-02       -0.9929354E+00
       -0.9987653E+00        0.5855703E-02       -0.9929096E+00
       -0.9985713E+00        0.8646495E-02       -0.9899248E+00
       -0.9984218E+00        0.6046950E-02       -0.9923749E+00
       -0.9982803E+00        0.5643442E-02       -0.9926369E+00
       -0.9982095E+00        0.6689327E-02       -0.9915202E+00
       -0.9981269E+00        0.7825447E-02       -0.9903014E+00
       -0.9980411E+00        0.8761816E-02       -0.9892793E+00
       -0.9979208E+00        0.1177377E-01       -0.9861470E+00
       -0.9979874E+00        0.9468660E-02       -0.9885187E+00
       -0.9981546E+00        0.1141438E-01       -0.9867402E+00
       -0.9984151E+00        0.1205665E-01       -0.9863585E+00
       -0.9986861E+00        0.1220974E-01       -0.9864764E+00
       -0.9990196E+00        0.1232524E-01       -0.9866944E+00
       -0.9992380E+00        0.9327345E-02       -0.9899107E+00
       -0.9993819E+00        0.1039007E-01       -0.9889918E+00
       -0.9995286E+00        0.1084835E-01       -0.9886803E+00
       -0.9997835E+00        0.4545111E-02       -0.9952384E+00
       -0.9999203E+00        0.3832096E-02       -0.9960882E+00
       -0.9999963E+00        0.4226834E-02       -0.9957694E+00
       -0.9999659E+00        0.3308961E-02       -0.9966570E+00
       -0.9998407E+00        0.2551134E-02       -0.9972896E+00
       -0.9996580E+00        0.1895542E-02       -0.9977625E+00
       -0.9994401E+00        0.1661042E-02       -0.9977791E+00
       -0.9991603E+00        0.1548256E-02       -0.9976121E+00
       -0.9988999E+00        0.1933526E-02       -0.9969664E+00
       -0.9986251E+00        0.1425874E-02       -0.9971992E+00
