       -0.9923593E+00        0.4297300E-01       -0.9493863E+00
       -0.9873804E+00        0.3940367E-01       -0.9479767E+00
       -0.9817202E+00        0.3571097E-01       -0.9460092E+00
       -0.9756546E+00        0.3122053E-01       -0.9444341E+00
       -0.9694016E+00        0.2988729E-01       -0.9395143E+00
       -0.9629202E+00        0.2413562E-01       -0.9387846E+00
       -0.9568719E+00        0.1744926E-01       -0.9394226E+00
       -0.9519624E+00        0.1140082E-01       -0.9405616E+00
       -0.9482934E+00        0.5042481E-02       -0.9432510E+00
       -0.9457027E+00        0.1352007E-02       -0.9443507E+00
       -0.9448378E+00        0.6548662E-03       -0.9441829E+00
       -0.9454583E+00        0.1998424E-02       -0.9434599E+00
       -0.9473506E+00        0.3140468E-02       -0.9442101E+00
       -0.9506112E+00        0.6781118E-02       -0.9438301E+00
       -0.9545484E+00        0.9491671E-02       -0.9450568E+00
       -0.9592256E+00        0.1189570E-01       -0.9473299E+00
       -0.9640696E+00        0.1686397E-01       -0.9472056E+00
       -0.9696576E+00        0.2206201E-01       -0.9475956E+00
       -0.9752565E+00        0.2417345E-01       -0.9510830E+00
       -0.9804213E+00        0.2666276E-01       -0.9537585E+00
       -0.9855282E+00        0.2959879E-01       -0.9559294E+00
       -0.9910060E+00        0.6975607E-01       -0.9212500E+00
       -0.9959256E+00        0.6723327E-01       -0.9286923E+00
       -0.9990044E+00        0.7124946E-01       -0.9277549E+00
       -0.9999937E+00        0.7037790E-01       -0.9296158E+00
       -0.9986579E+00        0.6327128E-01       -0.9353867E+00
       -0.9952239E+00        0.5812820E-01       -0.9370957E+00
       -0.9894000E+00        0.5352702E-01       -0.9358730E+00
       -0.9819601E+00        0.4104804E-01       -0.9409121E+00
       -0.9736430E+00        0.3476837E-01       -0.9388747E+00
       -0.9652301E+00        0.2484028E-01       -0.9403899E+00
       -0.9582609E+00        0.1497413E-01       -0.9432868E+00
       -0.9539044E+00        0.7880811E-02       -0.9460236E+00
       -0.9519444E+00        0.6342186E-02       -0.9456022E+00
       -0.9519645E+00        0.7298456E-02       -0.9446661E+00
       -0.9539557E+00        0.7678519E-02       -0.9462771E+00
       -0.9579629E+00        0.1061415E-01       -0.9473488E+00
       -0.9641544E+00        0.1756925E-01       -0.9465851E+00
       -0.9708044E+00        0.1912093E-01       -0.9516835E+00
       -0.9775530E+00        0.2737017E-01       -0.9501828E+00
       -0.9842374E+00        0.3367170E-01       -0.9505657E+00
       -0.9742613E+00        0.7099607E-01       -0.9032652E+00
       -0.9863535E+00        0.7594371E-01       -0.9104098E+00
       -0.9944694E+00        0.7973551E-01       -0.9147339E+00
       -0.9988587E+00        0.8063575E-01       -0.9182230E+00
       -0.9999837E+00        0.7689183E-01       -0.9230919E+00
       -0.9983314E+00        0.7940579E-01       -0.9189256E+00
       -0.9941771E+00        0.7697339E-01       -0.9172037E+00
       -0.9883356E+00        0.6752058E-01       -0.9208150E+00
       -0.9814008E+00        0.6018404E-01       -0.9212168E+00
       -0.9734782E+00        0.5808619E-01       -0.9153920E+00
       -0.9659239E+00        0.3727772E-01       -0.9286462E+00
       -0.9594752E+00        0.2600028E-01       -0.9334749E+00
       -0.9538367E+00        0.2251051E-01       -0.9313262E+00
       -0.9487254E+00        0.1982263E-01       -0.9289028E+00
       -0.9445715E+00        0.1678808E-01       -0.9277834E+00
       -0.9419106E+00        0.1056872E-01       -0.9313419E+00
       -0.9403774E+00        0.7866165E-02       -0.9325112E+00
       -0.9398740E+00        0.6620547E-02       -0.9332535E+00
       -0.9399725E+00        0.7040758E-02       -0.9329317E+00
       -0.9406538E+00        0.5559896E-02       -0.9350939E+00
       -0.9603317E+00        0.4460417E-02       -0.9558713E+00
       -0.9603999E+00        0.7252024E-02       -0.9531479E+00
       -0.9613571E+00        0.6765221E-02       -0.9545919E+00
       -0.9631788E+00        0.1000725E-01       -0.9531716E+00
       -0.9658745E+00        0.1551586E-01       -0.9503587E+00
       -0.9693269E+00        0.2385147E-01       -0.9454754E+00
       -0.9736776E+00        0.3371171E-01       -0.9399659E+00
       -0.9783082E+00        0.3283587E-01       -0.9454723E+00
       -0.9829941E+00        0.3512750E-01       -0.9478666E+00
       -0.9877030E+00        0.3959099E-01       -0.9481120E+00
       -0.9919415E+00        0.4634403E-01       -0.9455975E+00
       -0.9957481E+00        0.5103273E-01       -0.9447154E+00
       -0.9984095E+00        0.5186860E-01       -0.9465409E+00
       -0.9998091E+00        0.5434743E-01       -0.9454617E+00
       -0.9998353E+00        0.5163794E-01       -0.9481973E+00
       -0.9983641E+00        0.5516838E-01       -0.9431957E+00
       -0.9955695E+00        0.5115393E-01       -0.9444156E+00
       -0.9918544E+00        0.5095779E-01       -0.9408966E+00
       -0.9872382E+00        0.4710513E-01       -0.9401331E+00
       -0.9823599E+00        0.4282459E-01       -0.9395353E+00
       -0.9950104E+00        0.8505148E-02       -0.9865052E+00
       -0.9967780E+00        0.7843779E-02       -0.9889342E+00
       -0.9980715E+00        0.8027857E-02       -0.9900436E+00
       -0.9990266E+00        0.8988363E-02       -0.9900382E+00
       -0.9997153E+00        0.1108320E-01       -0.9886321E+00
       -0.9999963E+00        0.1207874E-01       -0.9879175E+00
       -0.9998256E+00        0.1097657E-01       -0.9888491E+00
       -0.9992241E+00        0.1243193E-01       -0.9867921E+00
       -0.9982212E+00        0.1200626E-01       -0.9862149E+00
       -0.9967966E+00        0.1405346E-01       -0.9827432E+00
       -0.9950714E+00        0.1073410E-01       -0.9843373E+00
       -0.9932726E+00        0.8678910E-02       -0.9845937E+00
       -0.9915186E+00        0.5329168E-02       -0.9861894E+00
       -0.9900843E+00        0.3740832E-02       -0.9863434E+00
       -0.9890008E+00        0.2118227E-02       -0.9868826E+00
       -0.9882289E+00        0.2822048E-02       -0.9854069E+00
       -0.9878787E+00        0.1640471E-02       -0.9862383E+00
       -0.9879911E+00        0.8932453E-03       -0.9870979E+00
       -0.9885414E+00        0.1137669E-02       -0.9874037E+00
       -0.9893745E+00        0.2644073E-02       -0.9867304E+00
       -0.9801909E+00        0.1740506E-02       -0.9784504E+00
       -0.9795483E+00        0.8129153E-03       -0.9787354E+00
       -0.9791576E+00        0.7289743E-03       -0.9784286E+00
       -0.9794135E+00        0.1548325E-02       -0.9778652E+00
       -0.9801661E+00        0.2007806E-02       -0.9781583E+00
       -0.9814929E+00        0.3555570E-02       -0.9779373E+00
       -0.9835880E+00        0.8024827E-02       -0.9755631E+00
       -0.9861139E+00        0.1119173E-01       -0.9749222E+00
       -0.9886084E+00        0.1109172E-01       -0.9775167E+00
       -0.9910382E+00        0.1347852E-01       -0.9775597E+00
       -0.9935319E+00        0.1609267E-01       -0.9774392E+00
       -0.9957512E+00        0.1912062E-01       -0.9766306E+00
       -0.9975785E+00        0.2069536E-01       -0.9768831E+00
       -0.9990045E+00        0.2136719E-01       -0.9776373E+00
       -0.9998481E+00        0.2476646E-01       -0.9750816E+00
       -0.9999473E+00        0.2111135E-01       -0.9788359E+00
       -0.9993343E+00        0.1952281E-01       -0.9798115E+00
       -0.9980278E+00        0.1579273E-01       -0.9822351E+00
       -0.9962156E+00        0.1146985E-01       -0.9847457E+00
       -0.9943763E+00        0.8184656E-02       -0.9861917E+00
       -0.9988365E+00        0.1690304E-01       -0.9819335E+00
       -0.9974186E+00        0.1687119E-01       -0.9805474E+00
       -0.9954267E+00        0.1575088E-01       -0.9796759E+00
       -0.9932551E+00        0.1113912E-01       -0.9821159E+00
       -0.9911567E+00        0.9357712E-02       -0.9817990E+00
       -0.9893110E+00        0.6487535E-02       -0.9828235E+00
       -0.9878177E+00        0.5031761E-02       -0.9827859E+00
       -0.9871779E+00        0.3136179E-02       -0.9840417E+00
       -0.9872745E+00        0.3495948E-02       -0.9837785E+00
       -0.9882061E+00        0.4661677E-02       -0.9835445E+00
       -0.9897195E+00        0.5716296E-02       -0.9840032E+00
       -0.9917412E+00        0.9990990E-02       -0.9817503E+00
       -0.9939380E+00        0.1180131E-01       -0.9821367E+00
       -0.9959251E+00        0.1305509E-01       -0.9828700E+00
       -0.9975075E+00        0.1466950E-01       -0.9828380E+00
       -0.9987756E+00        0.1508047E-01       -0.9836951E+00
       -0.9995962E+00        0.1592538E-01       -0.9836708E+00
       -0.9999745E+00        0.1452023E-01       -0.9854543E+00
       -0.9999248E+00        0.1450136E-01       -0.9854235E+00
       -0.9995196E+00        0.1617774E-01       -0.9833419E+00
       -0.9986780E+00        0.2184597E-01       -0.9768320E+00
       -0.9996975E+00        0.2108605E-01       -0.9786114E+00
       -0.9999996E+00        0.1852911E-01       -0.9814705E+00
       -0.9996867E+00        0.2038359E-01       -0.9793031E+00
       -0.9989330E+00        0.1563920E-01       -0.9832938E+00
       -0.9977908E+00        0.1615531E-01       -0.9816355E+00
       -0.9963286E+00        0.1716151E-01       -0.9791671E+00
       -0.9946377E+00        0.1271374E-01       -0.9819239E+00
       -0.9929346E+00        0.1078947E-01       -0.9821451E+00
       -0.9914679E+00        0.9184939E-02       -0.9822829E+00
       -0.9903308E+00        0.7727194E-02       -0.9826036E+00
       -0.9893394E+00        0.7623273E-02       -0.9817161E+00
       -0.9886314E+00        0.6288905E-02       -0.9823425E+00
       -0.9881402E+00        0.3427229E-02       -0.9847130E+00
       -0.9881314E+00        0.3343631E-02       -0.9847878E+00
       -0.9886285E+00        0.3180921E-02       -0.9854476E+00
       -0.9893816E+00        0.2681710E-02       -0.9866999E+00
       -0.9903677E+00        0.4156767E-02       -0.9862109E+00
       -0.9913159E+00        0.3675127E-02       -0.9876408E+00
       -0.9923039E+00        0.4985583E-02       -0.9873183E+00
       -0.9979674E+00        0.3892591E-02       -0.9940748E+00
       -0.9984682E+00        0.3525682E-02       -0.9949425E+00
       -0.9988876E+00        0.2162984E-02       -0.9967246E+00
       -0.9992358E+00        0.3352401E-02       -0.9958834E+00
       -0.9995211E+00        0.2915918E-02       -0.9966052E+00
       -0.9997333E+00        0.3820159E-02       -0.9959131E+00
       -0.9999348E+00        0.6963795E-02       -0.9929710E+00
       -0.9999979E+00        0.8378139E-02       -0.9916198E+00
       -0.9998845E+00        0.7571985E-02       -0.9923125E+00
       -0.9995979E+00        0.8237890E-02       -0.9913600E+00
       -0.9991372E+00        0.9930531E-02       -0.9892067E+00
       -0.9983705E+00        0.9877982E-02       -0.9884925E+00
       -0.9972919E+00        0.7870314E-02       -0.9894215E+00
       -0.9961511E+00        0.6628586E-02       -0.9895225E+00
       -0.9949064E+00        0.6212916E-02       -0.9886935E+00
       -0.9935110E+00        0.5412166E-02       -0.9880989E+00
       -0.9921589E+00        0.4256958E-02       -0.9879019E+00
       -0.9912862E+00        0.4893493E-02       -0.9863927E+00
       -0.9906423E+00        0.4478719E-02       -0.9861636E+00
       -0.9905394E+00        0.3799098E-02       -0.9867403E+00
       -0.9998346E+00        0.1782998E-02       -0.9980516E+00
       -0.9999149E+00        0.2319852E-02       -0.9975950E+00
       -0.9999864E+00        0.2830504E-02       -0.9971559E+00
       -0.9999965E+00        0.1729194E-02       -0.9982673E+00
       -0.9999425E+00        0.2510853E-02       -0.9974317E+00
       -0.9998099E+00        0.2407854E-02       -0.9974021E+00
       -0.9996217E+00        0.3063556E-02       -0.9965582E+00
       -0.9993797E+00        0.1755692E-02       -0.9976240E+00
       -0.9991264E+00        0.2085228E-02       -0.9970412E+00
       -0.9989065E+00        0.1483846E-02       -0.9974226E+00
       -0.9986343E+00        0.1266974E-02       -0.9973673E+00
       -0.9985143E+00        0.8971124E-03       -0.9976171E+00
       -0.9983993E+00        0.5095000E-03       -0.9978898E+00
       -0.9982982E+00        0.7471074E-03       -0.9975511E+00
       -0.9981928E+00        0.7730672E-03       -0.9974198E+00
       -0.9982534E+00        0.1145515E-02       -0.9971079E+00
       -0.9984236E+00        0.8142561E-03       -0.9976093E+00
       -0.9985130E+00        0.1450698E-02       -0.9970623E+00
       -0.9987497E+00        0.1529937E-02       -0.9972198E+00
       -0.9990164E+00        0.1475674E-02       -0.9975407E+00
       -0.9970432E+00        0.1453226E-03       -0.9968978E+00
       -0.9972842E+00        0.7261085E-03       -0.9965581E+00
       -0.9976559E+00        0.1266420E-02       -0.9963895E+00
       -0.9981107E+00        0.1965222E-02       -0.9961455E+00
       -0.9985754E+00        0.2280087E-02       -0.9962953E+00
       -0.9989979E+00        0.3242026E-02       -0.9957559E+00
       -0.9994136E+00        0.3144796E-02       -0.9962689E+00
       -0.9997513E+00        0.4463231E-02       -0.9952880E+00
       -0.9999520E+00        0.4145533E-02       -0.9958065E+00
       -0.9999989E+00        0.4665543E-02       -0.9953334E+00
       -0.9999050E+00        0.5764939E-02       -0.9941401E+00
       -0.9996545E+00        0.3922656E-02       -0.9957319E+00
       -0.9992595E+00        0.3537418E-02       -0.9957221E+00
       -0.9987171E+00        0.3826259E-02       -0.9948908E+00
       -0.9980482E+00        0.3219151E-02       -0.9948290E+00
       -0.9973901E+00        0.3100768E-02       -0.9942894E+00
       -0.9967099E+00        0.2040147E-02       -0.9946697E+00
       -0.9962019E+00        0.1975725E-02       -0.9942262E+00
       -0.9958300E+00        0.9157338E-03       -0.9949142E+00
       -0.9956935E+00        0.6115626E-03       -0.9950819E+00
       -0.9976728E+00        0.3855865E-02       -0.9938169E+00
       -0.9984103E+00        0.5489394E-02       -0.9929209E+00
       -0.9989840E+00        0.4766331E-02       -0.9942177E+00
       -0.9994482E+00        0.5014279E-02       -0.9944339E+00
       -0.9997801E+00        0.3611600E-02       -0.9961685E+00
       -0.9999156E+00        0.3225651E-02       -0.9966900E+00
       -0.9999907E+00        0.3795984E-02       -0.9961947E+00
       -0.9999884E+00        0.2724060E-02       -0.9972644E+00
       -0.9999085E+00        0.2650531E-02       -0.9972580E+00
       -0.9997202E+00        0.3462266E-02       -0.9962580E+00
       -0.9993956E+00        0.4004136E-02       -0.9953915E+00
       -0.9990506E+00        0.2141249E-02       -0.9969093E+00
       -0.9986911E+00        0.3913821E-02       -0.9947773E+00
       -0.9983580E+00        0.3305073E-02       -0.9950529E+00
       -0.9980781E+00        0.2569650E-02       -0.9955085E+00
       -0.9979238E+00        0.2130755E-02       -0.9957930E+00
       -0.9978770E+00        0.1507759E-02       -0.9963692E+00
       -0.9979762E+00        0.1212068E-02       -0.9967641E+00
       -0.9981774E+00        0.7556594E-03       -0.9974218E+00
       -0.9983610E+00        0.6741495E-03       -0.9976868E+00
       -0.9944076E+00        0.8500602E-02       -0.9859070E+00
       -0.9960281E+00        0.8371268E-02       -0.9876568E+00
       -0.9974353E+00        0.8773437E-02       -0.9886619E+00
       -0.9985284E+00        0.9399282E-02       -0.9891292E+00
       -0.9993098E+00        0.7626786E-02       -0.9916830E+00
       -0.9997747E+00        0.8190585E-02       -0.9915841E+00
       -0.9999954E+00        0.7830898E-02       -0.9921645E+00
       -0.9999174E+00        0.6315736E-02       -0.9936017E+00
       -0.9995972E+00        0.7660450E-02       -0.9919367E+00
       -0.9990789E+00        0.4994787E-02       -0.9940841E+00
       -0.9985208E+00        0.3091810E-02       -0.9954290E+00
       -0.9979638E+00        0.2831383E-02       -0.9951324E+00
       -0.9973560E+00        0.2891662E-02       -0.9944643E+00
       -0.9966621E+00        0.3673137E-02       -0.9929890E+00
       -0.9958918E+00        0.2893862E-02       -0.9929979E+00
       -0.9951448E+00        0.2721152E-02       -0.9924236E+00
       -0.9944843E+00        0.1674959E-02       -0.9928094E+00
       -0.9939173E+00        0.1082674E-02       -0.9928346E+00
       -0.9936708E+00        0.3381592E-03       -0.9933327E+00
       -0.9939199E+00        0.1031652E-02       -0.9928883E+00
       -0.9997933E+00        0.6730277E-03       -0.9991203E+00
       -0.9998888E+00        0.2338268E-02       -0.9975506E+00
       -0.9999700E+00        0.2512976E-02       -0.9974571E+00
       -0.9999999E+00        0.3439615E-02       -0.9965603E+00
       -0.9999345E+00        0.5838114E-02       -0.9940964E+00
       -0.9997163E+00        0.8032122E-02       -0.9916842E+00
       -0.9993247E+00        0.7286263E-02       -0.9920385E+00
       -0.9988532E+00        0.7229643E-02       -0.9916236E+00
       -0.9982172E+00        0.7081980E-02       -0.9911352E+00
       -0.9974212E+00        0.5407485E-02       -0.9920138E+00
       -0.9964280E+00        0.6108212E-02       -0.9903198E+00
       -0.9951683E+00        0.5748606E-02       -0.9894197E+00
       -0.9938586E+00        0.4532247E-02       -0.9893264E+00
       -0.9926888E+00        0.2533368E-02       -0.9901555E+00
       -0.9918238E+00        0.2109577E-02       -0.9897142E+00
       -0.9913386E+00        0.3002723E-02       -0.9883359E+00
       -0.9911778E+00        0.1391737E-02       -0.9897861E+00
       -0.9914437E+00        0.9567731E-03       -0.9904869E+00
       -0.9919303E+00        0.1820824E-02       -0.9901095E+00
       -0.9926735E+00        0.1627815E-02       -0.9910457E+00
       -0.9949766E+00        0.1192228E-02       -0.9937844E+00
       -0.9945807E+00        0.8854331E-03       -0.9936952E+00
       -0.9943767E+00        0.8811250E-03       -0.9934956E+00
       -0.9944897E+00        0.1316007E-02       -0.9931737E+00
       -0.9947599E+00        0.1981109E-02       -0.9927788E+00
       -0.9951738E+00        0.2968328E-02       -0.9922055E+00
       -0.9957026E+00        0.2355967E-02       -0.9933466E+00
       -0.9962158E+00        0.3068637E-02       -0.9931471E+00
       -0.9967534E+00        0.3501863E-02       -0.9932515E+00
       -0.9973584E+00        0.4344017E-02       -0.9930144E+00
       -0.9979197E+00        0.2888652E-02       -0.9950310E+00
       -0.9983956E+00        0.4156178E-02       -0.9942394E+00
       -0.9988829E+00        0.2894754E-02       -0.9959882E+00
       -0.9992808E+00        0.5420243E-02       -0.9938606E+00
       -0.9995604E+00        0.4509530E-02       -0.9950509E+00
       -0.9997800E+00        0.5224406E-02       -0.9945556E+00
       -0.9999425E+00        0.7479360E-02       -0.9924631E+00
       -0.9999998E+00        0.6725433E-02       -0.9932743E+00
       -0.9999190E+00        0.7989562E-02       -0.9919295E+00
       -0.9997159E+00        0.6330199E-02       -0.9933857E+00
       -0.9999950E+00        0.2766366E-02       -0.9972286E+00
       -0.9999864E+00        0.3394576E-02       -0.9965918E+00
       -0.9999062E+00        0.3988007E-02       -0.9959182E+00
       -0.9997614E+00        0.3438394E-02       -0.9963230E+00
       -0.9995935E+00        0.2298965E-02       -0.9972945E+00
       -0.9994371E+00        0.1507300E-02       -0.9979298E+00
       -0.9992761E+00        0.1044365E-02       -0.9982318E+00
       -0.9991402E+00        0.6971784E-03       -0.9984431E+00
       -0.9990383E+00        0.8082632E-03       -0.9982300E+00
       -0.9989623E+00        0.1203399E-03       -0.9988419E+00
       -0.9989542E+00        0.7829468E-03       -0.9981713E+00
       -0.9989268E+00        0.5743514E-03       -0.9983524E+00
       -0.9989119E+00        0.8020229E-03       -0.9981098E+00
       -0.9989781E+00        0.8872328E-03       -0.9980909E+00
       -0.9990276E+00        0.1145791E-02       -0.9978818E+00
       -0.9991423E+00        0.1211113E-02       -0.9979311E+00
       -0.9992733E+00        0.5585668E-03       -0.9987148E+00
       -0.9994357E+00        0.9591594E-03       -0.9984765E+00
       -0.9996091E+00        0.1370038E-02       -0.9982391E+00
       -0.9997769E+00        0.1057823E-02       -0.9987190E+00
       -0.9998109E+00        0.4944912E-02       -0.9948660E+00
       -0.9995711E+00        0.2954879E-02       -0.9966162E+00
       -0.9992484E+00        0.2638487E-02       -0.9966099E+00
       -0.9988608E+00        0.2110807E-02       -0.9967500E+00
       -0.9985087E+00        0.1680809E-02       -0.9968279E+00
       -0.9981600E+00        0.1407846E-02       -0.9967521E+00
       -0.9977646E+00        0.2196291E-02       -0.9955683E+00
       -0.9973059E+00        0.2425875E-02       -0.9948801E+00
       -0.9969250E+00        0.1712303E-02       -0.9952127E+00
       -0.9965395E+00        0.8243712E-03       -0.9957152E+00
       -0.9963588E+00        0.1062944E-02       -0.9952958E+00
       -0.9964419E+00        0.1266161E-02       -0.9951757E+00
       -0.9966940E+00        0.1161871E-02       -0.9955321E+00
       -0.9969737E+00        0.9386958E-03       -0.9960350E+00
       -0.9973979E+00        0.1816870E-02       -0.9955811E+00
       -0.9977505E+00        0.3231216E-02       -0.9945193E+00
       -0.9981409E+00        0.3247547E-02       -0.9948933E+00
       -0.9985971E+00        0.2587243E-02       -0.9960099E+00
       -0.9989676E+00        0.2520751E-02       -0.9964468E+00
       -0.9993543E+00        0.3716926E-02       -0.9956373E+00
       -0.9997098E+00        0.3204128E-02       -0.9965057E+00
       -0.9998042E+00        0.4435886E-02       -0.9953683E+00
       -0.9998972E+00        0.5223310E-02       -0.9946739E+00
       -0.9999610E+00        0.5670715E-02       -0.9942903E+00
       -0.9999916E+00        0.3089920E-02       -0.9969017E+00
       -0.9999975E+00        0.3522048E-02       -0.9964755E+00
       -0.9999588E+00        0.2813532E-02       -0.9971452E+00
       -0.9998807E+00        0.1319532E-02       -0.9985612E+00
       -0.9997463E+00        0.2026962E-02       -0.9977194E+00
       -0.9995393E+00        0.9832174E-03       -0.9985560E+00
       -0.9993706E+00        0.6259527E-03       -0.9987446E+00
       -0.9991617E+00        0.9058357E-03       -0.9982559E+00
       -0.9989255E+00        0.7138302E-03       -0.9982116E+00
       -0.9987171E+00        0.1435892E-02       -0.9972812E+00
       -0.9983438E+00        0.1958799E-02       -0.9963850E+00
       -0.9978455E+00        0.1554553E-02       -0.9962910E+00
       -0.9975635E+00        0.7590406E-03       -0.9968045E+00
       -0.9974111E+00        0.8727586E-03       -0.9965384E+00
       -0.9972555E+00        0.7150198E-03       -0.9965405E+00
       -0.9973536E+00        0.1745419E-02       -0.9956081E+00
       -0.9979614E+00        0.1299932E-01       -0.9849620E+00
       -0.9987938E+00        0.1240870E-01       -0.9863851E+00
       -0.9994150E+00        0.9869974E-02       -0.9895450E+00
       -0.9997938E+00        0.9555608E-02       -0.9902382E+00
       -0.9999897E+00        0.1347414E-01       -0.9865156E+00
       -0.9999155E+00        0.1081638E-01       -0.9890991E+00
       -0.9995214E+00        0.1455877E-01       -0.9849626E+00
       -0.9988434E+00        0.1286696E-01       -0.9859765E+00
       -0.9980505E+00        0.1163453E-01       -0.9864160E+00
       -0.9972112E+00        0.9443814E-02       -0.9877673E+00
       -0.9963877E+00        0.8516891E-02       -0.9878708E+00
       -0.9956715E+00        0.8190089E-02       -0.9874814E+00
       -0.9948593E+00        0.7576547E-02       -0.9872828E+00
       -0.9941626E+00        0.5390534E-02       -0.9887721E+00
       -0.9937728E+00        0.5439834E-02       -0.9883330E+00
       -0.9937813E+00        0.7204421E-02       -0.9865769E+00
       -0.9939538E+00        0.7199135E-02       -0.9867546E+00
       -0.9942324E+00        0.7306764E-02       -0.9869256E+00
       -0.9946563E+00        0.9213655E-02       -0.9854426E+00
       -0.9954937E+00        0.1109031E-01       -0.9844034E+00
       -0.9999861E+00        0.5936816E-02       -0.9940492E+00
       -0.9999673E+00        0.5046889E-02       -0.9949204E+00
       -0.9999400E+00        0.4247003E-02       -0.9956930E+00
       -0.9999211E+00        0.4404788E-02       -0.9955164E+00
       -0.9998905E+00        0.4606561E-02       -0.9952839E+00
       -0.9998313E+00        0.5499023E-02       -0.9943323E+00
       -0.9997590E+00        0.5897626E-02       -0.9938614E+00
       -0.9996672E+00        0.5818731E-02       -0.9938485E+00
       -0.9995625E+00        0.6586336E-02       -0.9929762E+00
       -0.9994853E+00        0.6836261E-02       -0.9926490E+00
       -0.9994033E+00        0.4835545E-02       -0.9945678E+00
       -0.9992621E+00        0.4436810E-02       -0.9948253E+00
       -0.9991268E+00        0.5790389E-02       -0.9933364E+00
       -0.9989943E+00        0.5981886E-02       -0.9930124E+00
       -0.9989651E+00        0.7233484E-02       -0.9917316E+00
       -0.9989893E+00        0.6704130E-02       -0.9922851E+00
       -0.9990812E+00        0.6625985E-02       -0.9924552E+00
       -0.9992155E+00        0.5711501E-02       -0.9935040E+00
       -0.9993544E+00        0.6948824E-02       -0.9924055E+00
       -0.9994381E+00        0.7919637E-02       -0.9915184E+00
       -0.9968208E+00        0.8056729E-02       -0.9887640E+00
       -0.9962406E+00        0.4939988E-02       -0.9913006E+00
       -0.9957019E+00        0.4086942E-02       -0.9916149E+00
       -0.9953976E+00        0.2887493E-02       -0.9925101E+00
       -0.9953166E+00        0.4968867E-02       -0.9903478E+00
       -0.9951924E+00        0.4400883E-02       -0.9907915E+00
       -0.9950413E+00        0.7151760E-02       -0.9878895E+00
       -0.9948386E+00        0.9323901E-02       -0.9855147E+00
       -0.9945636E+00        0.1462571E-01       -0.9799379E+00
       -0.9944169E+00        0.1259803E-01       -0.9818189E+00
       -0.9944231E+00        0.1104277E-01       -0.9833803E+00
       -0.9946357E+00        0.1046086E-01       -0.9841748E+00
       -0.9949817E+00        0.1308344E-01       -0.9818983E+00
       -0.9955038E+00        0.1610168E-01       -0.9794022E+00
       -0.9959667E+00        0.1382841E-01       -0.9821383E+00
       -0.9966131E+00        0.1557476E-01       -0.9810383E+00
       -0.9973794E+00        0.1678663E-01       -0.9805928E+00
       -0.9981263E+00        0.1488890E-01       -0.9832374E+00
       -0.9988252E+00        0.1556580E-01       -0.9832594E+00
       -0.9993966E+00        0.1710671E-01       -0.9822899E+00
       -0.9998373E+00        0.6811729E-02       -0.9930256E+00
       -0.9996957E+00        0.6145528E-02       -0.9935502E+00
       -0.9995149E+00        0.4667802E-02       -0.9948471E+00
       -0.9993427E+00        0.5887210E-02       -0.9934555E+00
       -0.9991860E+00        0.5919130E-02       -0.9932669E+00
       -0.9989868E+00        0.8295351E-02       -0.9906915E+00
       -0.9987894E+00        0.6903120E-02       -0.9918862E+00
       -0.9986160E+00        0.7561204E-02       -0.9910548E+00
       -0.9984768E+00        0.5726635E-02       -0.9927501E+00
       -0.9983417E+00        0.4336056E-02       -0.9940057E+00
       -0.9982744E+00        0.3966713E-02       -0.9943077E+00
       -0.9983572E+00        0.4451450E-02       -0.9939058E+00
       -0.9985397E+00        0.4317586E-02       -0.9942222E+00
       -0.9987666E+00        0.4348959E-02       -0.9944177E+00
       -0.9989083E+00        0.4223202E-02       -0.9946851E+00
       -0.9990021E+00        0.2802124E-02       -0.9961999E+00
       -0.9991071E+00        0.4034881E-02       -0.9950722E+00
       -0.9992270E+00        0.2418394E-02       -0.9968086E+00
       -0.9993167E+00        0.3211676E-02       -0.9961051E+00
       -0.9994385E+00        0.5775577E-02       -0.9936629E+00
       -0.9999814E+00        0.3349376E-02       -0.9966321E+00
       -0.9999910E+00        0.4007429E-02       -0.9959835E+00
       -0.9999879E+00        0.2145630E-02       -0.9978422E+00
       -0.9999723E+00        0.3878701E-02       -0.9960936E+00
       -0.9999547E+00        0.4393001E-02       -0.9955617E+00
       -0.9999313E+00        0.3254523E-02       -0.9966768E+00
       -0.9998816E+00        0.3429925E-02       -0.9964517E+00
       -0.9998077E+00        0.2158152E-02       -0.9976495E+00
       -0.9997229E+00        0.2776398E-02       -0.9969465E+00
       -0.9996344E+00        0.3383537E-02       -0.9962508E+00
       -0.9994795E+00        0.2835994E-02       -0.9966435E+00
       -0.9992736E+00        0.2569041E-02       -0.9967045E+00
       -0.9991416E+00        0.1590351E-02       -0.9975512E+00
       -0.9990446E+00        0.2355627E-02       -0.9966890E+00
       -0.9989882E+00        0.2844160E-02       -0.9961440E+00
       -0.9988983E+00        0.1379141E-02       -0.9975191E+00
       -0.9988544E+00        0.1038607E-02       -0.9978158E+00
       -0.9988028E+00        0.1247690E-02       -0.9975551E+00
       -0.9988205E+00        0.1020978E-02       -0.9977995E+00
       -0.9988304E+00        0.1534284E-02       -0.9972961E+00
       -0.9989255E+00        0.5448027E-02       -0.9934775E+00
       -0.9984450E+00        0.3164067E-02       -0.9952809E+00
       -0.9980435E+00        0.3191669E-02       -0.9948518E+00
       -0.9976776E+00        0.2534226E-02       -0.9951434E+00
       -0.9972244E+00        0.2450863E-02       -0.9947735E+00
       -0.9969443E+00        0.1541018E-02       -0.9954033E+00
       -0.9968915E+00        0.1154744E-02       -0.9957367E+00
       -0.9968490E+00        0.2823862E-02       -0.9940251E+00
       -0.9970043E+00        0.2341443E-02       -0.9946629E+00
       -0.9973737E+00        0.1838583E-02       -0.9955351E+00
       -0.9977307E+00        0.2079513E-02       -0.9956512E+00
       -0.9981574E+00        0.2948859E-02       -0.9952086E+00
       -0.9985531E+00        0.2810010E-02       -0.9957431E+00
       -0.9990266E+00        0.4327622E-02       -0.9946990E+00
       -0.9993929E+00        0.2901890E-02       -0.9964910E+00
       -0.9996368E+00        0.2559828E-02       -0.9970770E+00
       -0.9998107E+00        0.2651540E-02       -0.9971591E+00
       -0.9999361E+00        0.2384519E-02       -0.9975516E+00
       -0.9999911E+00        0.2380714E-02       -0.9976104E+00
       -0.9999943E+00        0.2778040E-02       -0.9972162E+00
       -0.9933707E+00        0.1004364E-02       -0.9923664E+00
       -0.9931251E+00        0.3962967E-03       -0.9927288E+00
       -0.9931330E+00        0.2917254E-03       -0.9928412E+00
       -0.9933496E+00        0.6101749E-03       -0.9927394E+00
       -0.9936249E+00        0.8597040E-03       -0.9927652E+00
       -0.9940251E+00        0.7541802E-03       -0.9932709E+00
       -0.9946008E+00        0.1038192E-02       -0.9935626E+00
       -0.9953110E+00        0.1952755E-02       -0.9933582E+00
       -0.9962945E+00        0.3321090E-02       -0.9929734E+00
       -0.9972499E+00        0.4461414E-02       -0.9927885E+00
       -0.9982144E+00        0.6933651E-02       -0.9912808E+00
       -0.9990754E+00        0.9125830E-02       -0.9899496E+00
       -0.9997035E+00        0.1043227E-01       -0.9892713E+00
       -0.9999806E+00        0.9779430E-02       -0.9902012E+00
       -0.9999194E+00        0.9888469E-02       -0.9900309E+00
       -0.9995289E+00        0.8786758E-02       -0.9907421E+00
       -0.9989293E+00        0.5715002E-02       -0.9932143E+00
       -0.9982430E+00        0.5511221E-02       -0.9927318E+00
       -0.9974506E+00        0.4961942E-02       -0.9924887E+00
       -0.9966415E+00        0.2719711E-02       -0.9939218E+00
       -0.9999953E+00        0.3983458E-02       -0.9960119E+00
       -0.9999957E+00        0.4942838E-02       -0.9950528E+00
       -0.9999996E+00        0.6097757E-02       -0.9939018E+00
       -0.9999998E+00        0.8645833E-02       -0.9913539E+00
       -0.9999906E+00        0.7681563E-02       -0.9923091E+00
       -0.9999786E+00        0.1144752E-01       -0.9885311E+00
       -0.9999669E+00        0.1153524E-01       -0.9884316E+00
       -0.9999398E+00        0.1129676E-01       -0.9886431E+00
       -0.9998831E+00        0.1398236E-01       -0.9859008E+00
       -0.9997863E+00        0.1204574E-01       -0.9877406E+00
       -0.9996577E+00        0.1428245E-01       -0.9853753E+00
       -0.9995984E+00        0.1421354E-01       -0.9853848E+00
       -0.9995643E+00        0.1290039E-01       -0.9866639E+00
       -0.9995033E+00        0.1555818E-01       -0.9839451E+00
       -0.9994869E+00        0.1564316E-01       -0.9838438E+00
       -0.9994567E+00        0.1567060E-01       -0.9837861E+00
       -0.9994154E+00        0.1694979E-01       -0.9824656E+00
       -0.9994455E+00        0.2105822E-01       -0.9783873E+00
       -0.9995693E+00        0.2035180E-01       -0.9792175E+00
       -0.9997541E+00        0.2100436E-01       -0.9787497E+00
       -0.9997784E+00        0.7527723E-02       -0.9922507E+00
       -0.9995557E+00        0.8465169E-02       -0.9910906E+00
       -0.9992154E+00        0.8171762E-02       -0.9910437E+00
       -0.9987974E+00        0.8935308E-02       -0.9898621E+00
       -0.9982404E+00        0.8962971E-02       -0.9892774E+00
       -0.9976930E+00        0.7073752E-02       -0.9906193E+00
       -0.9973475E+00        0.6656026E-02       -0.9906915E+00
       -0.9971525E+00        0.4615525E-02       -0.9925370E+00
       -0.9973032E+00        0.4975381E-02       -0.9923279E+00
       -0.9977465E+00        0.8102207E-02       -0.9896443E+00
       -0.9981523E+00        0.5086561E-02       -0.9930657E+00
       -0.9985430E+00        0.5115526E-02       -0.9934275E+00
       -0.9988540E+00        0.4049257E-02       -0.9948047E+00
       -0.9991859E+00        0.3923889E-02       -0.9952620E+00
       -0.9995527E+00        0.5748390E-02       -0.9938043E+00
       -0.9998118E+00        0.6164050E-02       -0.9936478E+00
       -0.9999495E+00        0.4177048E-02       -0.9957724E+00
       -0.1000000E+01        0.4592223E-02       -0.9954078E+00
       -0.9999276E+00        0.7254353E-02       -0.9926733E+00
       -0.9996636E+00        0.5843338E-02       -0.9938203E+00
       -0.9965797E+00        0.6407868E-02       -0.9901718E+00
       -0.9964165E+00        0.3549868E-02       -0.9928667E+00
       -0.9964565E+00        0.4862510E-02       -0.9915940E+00
       -0.9965822E+00        0.5323676E-02       -0.9912585E+00
       -0.9969726E+00        0.6103216E-02       -0.9908694E+00
       -0.9975286E+00        0.7948470E-02       -0.9895801E+00
       -0.9980777E+00        0.8467000E-02       -0.9896107E+00
       -0.9984930E+00        0.5663511E-02       -0.9928295E+00
       -0.9988872E+00        0.8306359E-02       -0.9905808E+00
       -0.9993368E+00        0.7759818E-02       -0.9915770E+00
       -0.9996997E+00        0.6917610E-02       -0.9927821E+00
       -0.9999274E+00        0.7279179E-02       -0.9926482E+00
       -0.9999969E+00        0.9401595E-02       -0.9905953E+00
       -0.9998362E+00        0.9523354E-02       -0.9903128E+00
       -0.9993669E+00        0.1095320E-01       -0.9884137E+00
       -0.9985038E+00        0.1043250E-01       -0.9880713E+00
       -0.9971648E+00        0.1194255E-01       -0.9852222E+00
       -0.9954345E+00        0.9861674E-02       -0.9855729E+00
       -0.9936783E+00        0.8058958E-02       -0.9856194E+00
       -0.9919054E+00        0.7231205E-02       -0.9846742E+00
       -0.9999155E+00        0.2983530E-02       -0.9969320E+00
       -0.9999091E+00        0.3920601E-02       -0.9959885E+00
       -0.9998990E+00        0.4968502E-02       -0.9949305E+00
       -0.9998779E+00        0.4385924E-02       -0.9954920E+00
       -0.9998593E+00        0.5214060E-02       -0.9946452E+00
       -0.9998732E+00        0.5658908E-02       -0.9942142E+00
       -0.9998793E+00        0.3783585E-02       -0.9960957E+00
       -0.9998956E+00        0.5050509E-02       -0.9948451E+00
       -0.9999042E+00        0.4777687E-02       -0.9951265E+00
       -0.9999152E+00        0.3146539E-02       -0.9967687E+00
       -0.9999240E+00        0.3067935E-02       -0.9968560E+00
       -0.9999482E+00        0.4049116E-02       -0.9958990E+00
       -0.9999665E+00        0.5882545E-02       -0.9940839E+00
       -0.9999789E+00        0.5109578E-02       -0.9948693E+00
       -0.9999979E+00        0.5578297E-02       -0.9944196E+00
       -0.9999958E+00        0.5836582E-02       -0.9941592E+00
       -0.9999458E+00        0.7515780E-02       -0.9924300E+00
       -0.9998218E+00        0.5733830E-02       -0.9940880E+00
       -0.9996601E+00        0.3960717E-02       -0.9956994E+00
       -0.9995340E+00        0.3124141E-02       -0.9964099E+00
       -0.9998891E+00        0.7679763E-03       -0.9991211E+00
       -0.9998879E+00        0.5015336E-03       -0.9993864E+00
       -0.9999045E+00        0.1084393E-02       -0.9988201E+00
       -0.9999236E+00        0.1136382E-02       -0.9987872E+00
       -0.9999236E+00        0.3247899E-03       -0.9995988E+00
       -0.9999280E+00        0.5052445E-03       -0.9994227E+00
       -0.9999407E+00        0.1200577E-02       -0.9987402E+00
       -0.9999643E+00        0.1052051E-02       -0.9989122E+00
       -0.9999792E+00        0.2154120E-02       -0.9978251E+00
       -0.9999890E+00        0.3685761E-02       -0.9963033E+00
       -0.9999986E+00        0.2864942E-02       -0.9971337E+00
       -0.9999955E+00        0.3031890E-02       -0.9969636E+00
       -0.9999697E+00        0.1615391E-02       -0.9983543E+00
       -0.9999348E+00        0.2847490E-02       -0.9970873E+00
       -0.9999088E+00        0.2227513E-02       -0.9976813E+00
       -0.9998755E+00        0.2564019E-02       -0.9973114E+00
       -0.9998655E+00        0.2336046E-02       -0.9975294E+00
       -0.9998578E+00        0.2244130E-02       -0.9976136E+00
       -0.9998654E+00        0.2146332E-02       -0.9977190E+00
       -0.9999006E+00        0.1389417E-02       -0.9985112E+00
       -0.9999962E+00        0.1581082E-01       -0.9841853E+00
       -0.9997193E+00        0.1640916E-01       -0.9833101E+00
       -0.9990106E+00        0.1507990E-01       -0.9839307E+00
       -0.9978939E+00        0.1107049E-01       -0.9868234E+00
       -0.9966341E+00        0.1016603E-01       -0.9864681E+00
       -0.9953850E+00        0.6669449E-02       -0.9887155E+00
       -0.9941871E+00        0.5330304E-02       -0.9888568E+00
       -0.9930209E+00        0.3890362E-02       -0.9891305E+00
       -0.9922017E+00        0.1514943E-02       -0.9906868E+00
       -0.9919329E+00        0.1045208E-02       -0.9908877E+00
       -0.9919400E+00        0.1403399E-02       -0.9905366E+00
       -0.9919908E+00        0.1291983E-02       -0.9906988E+00
       -0.9927406E+00        0.2159830E-02       -0.9905807E+00
       -0.9937261E+00        0.3400414E-02       -0.9903257E+00
       -0.9948806E+00        0.3527729E-02       -0.9913529E+00
       -0.9959923E+00        0.4938588E-02       -0.9910537E+00
       -0.9972277E+00        0.7470523E-02       -0.9897571E+00
       -0.9982549E+00        0.7751521E-02       -0.9905034E+00
       -0.9990211E+00        0.8370388E-02       -0.9906507E+00
       -0.9996082E+00        0.8105683E-02       -0.9915025E+00
       -0.9998459E+00        0.1949165E-02       -0.9978967E+00
       -0.9999281E+00        0.1727944E-02       -0.9982001E+00
       -0.9999850E+00        0.2870426E-02       -0.9971146E+00
       -0.9999972E+00        0.2630307E-02       -0.9973669E+00
       -0.9999557E+00        0.2452527E-02       -0.9975032E+00
       -0.9998848E+00        0.1988389E-02       -0.9978964E+00
       -0.9998343E+00        0.3338027E-02       -0.9964963E+00
       -0.9998275E+00        0.3143009E-02       -0.9966845E+00
       -0.9998225E+00        0.2605654E-02       -0.9972169E+00
       -0.9997792E+00        0.1856147E-02       -0.9979231E+00
       -0.9997333E+00        0.1386538E-02       -0.9983468E+00
       -0.9997240E+00        0.1612815E-02       -0.9981112E+00
       -0.9997332E+00        0.1112698E-02       -0.9986205E+00
       -0.9997770E+00        0.8399493E-03       -0.9989371E+00
       -0.9998833E+00        0.1616889E-02       -0.9982664E+00
       -0.9999645E+00        0.2000729E-02       -0.9979638E+00
       -0.1000000E+01        0.2435369E-02       -0.9975646E+00
       -0.9999474E+00        0.3515271E-02       -0.9964321E+00
       -0.9997925E+00        0.2714084E-02       -0.9970784E+00
       -0.9995810E+00        0.3428135E-02       -0.9961528E+00
       -0.9999286E+00        0.1035027E-01       -0.9895783E+00
       -0.9999708E+00        0.1050932E-01       -0.9894615E+00
       -0.9996796E+00        0.8324370E-02       -0.9913552E+00
       -0.9990409E+00        0.9475202E-02       -0.9895657E+00
       -0.9981272E+00        0.9341950E-02       -0.9887852E+00
       -0.9969929E+00        0.7087658E-02       -0.9899053E+00
       -0.9957339E+00        0.6088479E-02       -0.9896454E+00
       -0.9944423E+00        0.4066722E-02       -0.9903756E+00
       -0.9933144E+00        0.3724286E-02       -0.9895901E+00
       -0.9923168E+00        0.2982490E-02       -0.9893343E+00
       -0.9915294E+00        0.1866202E-02       -0.9896632E+00
       -0.9911687E+00        0.1190987E-02       -0.9899777E+00
       -0.9911350E+00        0.8076388E-03       -0.9903274E+00
       -0.9915678E+00        0.1517887E-02       -0.9900500E+00
       -0.9923490E+00        0.2575718E-02       -0.9897732E+00
       -0.9931207E+00        0.3179442E-02       -0.9899412E+00
       -0.9939420E+00        0.4552678E-02       -0.9893893E+00
       -0.9949145E+00        0.4115928E-02       -0.9907986E+00
       -0.9959021E+00        0.4828220E-02       -0.9910739E+00
       -0.9966566E+00        0.3830877E-02       -0.9928257E+00
       -0.9988520E+00        0.2314217E-02       -0.9965377E+00
       -0.9991887E+00        0.2216521E-02       -0.9969721E+00
       -0.9994835E+00        0.2292331E-02       -0.9971912E+00
       -0.9996871E+00        0.2541398E-02       -0.9971457E+00
       -0.9998542E+00        0.2309505E-02       -0.9975447E+00
       -0.9999774E+00        0.4419107E-02       -0.9955583E+00
       -0.9999950E+00        0.2908003E-02       -0.9970870E+00
       -0.9999177E+00        0.3399254E-02       -0.9965184E+00
       -0.9997239E+00        0.2872107E-02       -0.9968518E+00
       -0.9994485E+00        0.2097937E-02       -0.9973505E+00
       -0.9990914E+00        0.2089526E-02       -0.9970018E+00
       -0.9987737E+00        0.1841423E-02       -0.9969323E+00
       -0.9984758E+00        0.7941123E-03       -0.9976817E+00
       -0.9983426E+00        0.1703792E-03       -0.9981722E+00
       -0.9982508E+00        0.2469122E-03       -0.9980039E+00
       -0.9980994E+00        0.1586628E-03       -0.9979408E+00
       -0.9979854E+00        0.8540814E-03       -0.9971313E+00
       -0.9978891E+00        0.9268166E-03       -0.9969623E+00
       -0.9978736E+00        0.5597621E-03       -0.9973138E+00
       -0.9979499E+00        0.1570934E-03       -0.9977928E+00
       -0.9999329E+00        0.7191558E-02       -0.9927413E+00
       -0.9998954E+00        0.7011185E-02       -0.9928842E+00
       -0.9998106E+00        0.8204069E-02       -0.9916065E+00
       -0.9997192E+00        0.7161202E-02       -0.9925580E+00
       -0.9996754E+00        0.6787450E-02       -0.9928880E+00
       -0.9996314E+00        0.5322403E-02       -0.9943090E+00
       -0.9996490E+00        0.7064098E-02       -0.9925849E+00
       -0.9997244E+00        0.6967634E-02       -0.9927568E+00
       -0.9998223E+00        0.6861406E-02       -0.9929609E+00
       -0.9999017E+00        0.5748789E-02       -0.9941529E+00
       -0.9999587E+00        0.6538152E-02       -0.9934205E+00
       -0.9999871E+00        0.5210226E-02       -0.9947769E+00
       -0.9999989E+00        0.3926426E-02       -0.9960725E+00
       -0.9999956E+00        0.4785661E-02       -0.9952099E+00
       -0.9999713E+00        0.7164021E-02       -0.9928073E+00
       -0.9999222E+00        0.8269652E-02       -0.9916525E+00
       -0.9998537E+00        0.9857605E-02       -0.9899961E+00
       -0.9997846E+00        0.6526175E-02       -0.9932584E+00
       -0.9997579E+00        0.9276198E-02       -0.9904817E+00
       -0.9997317E+00        0.1211310E-01       -0.9876186E+00
       -0.9992869E+00        0.1237407E-01       -0.9869128E+00
       -0.9998162E+00        0.1218432E-01       -0.9876318E+00
       -0.9999979E+00        0.9877277E-02       -0.9901206E+00
       -0.9999048E+00        0.8194329E-02       -0.9917105E+00
       -0.9995903E+00        0.8994371E-02       -0.9905959E+00
       -0.9989383E+00        0.1301215E-01       -0.9859262E+00
       -0.9979043E+00        0.9970656E-02       -0.9879337E+00
       -0.9967092E+00        0.9629253E-02       -0.9870799E+00
       -0.9954014E+00        0.7773952E-02       -0.9876275E+00
       -0.9942246E+00        0.6242012E-02       -0.9879826E+00
       -0.9930979E+00        0.6024843E-02       -0.9870731E+00
       -0.9921423E+00        0.4332727E-02       -0.9878095E+00
       -0.9913759E+00        0.4900806E-02       -0.9864751E+00
       -0.9905440E+00        0.3202021E-02       -0.9873420E+00
       -0.9897050E+00        0.2403927E-02       -0.9873011E+00
       -0.9890481E+00        0.2585738E-02       -0.9864624E+00
       -0.9887274E+00        0.2385991E-02       -0.9863414E+00
       -0.9886420E+00        0.2960219E-02       -0.9856818E+00
       -0.9886421E+00        0.3591669E-02       -0.9850505E+00
       -0.9888970E+00        0.3728115E-02       -0.9851689E+00
       -0.9991170E+00        0.2765473E-02       -0.9963515E+00
       -0.9994270E+00        0.3085987E-02       -0.9963410E+00
       -0.9996615E+00        0.2556683E-02       -0.9971048E+00
       -0.9998304E+00        0.2263506E-02       -0.9975669E+00
       -0.9999350E+00        0.2255327E-02       -0.9976797E+00
       -0.9999907E+00        0.3375444E-02       -0.9966152E+00
       -0.9999984E+00        0.3359690E-02       -0.9966387E+00
       -0.9999758E+00        0.2761231E-02       -0.9972146E+00
       -0.9999209E+00        0.3486419E-02       -0.9964345E+00
       -0.9997980E+00        0.4059889E-02       -0.9957381E+00
       -0.9996235E+00        0.4289022E-02       -0.9953345E+00
       -0.9994361E+00        0.3416546E-02       -0.9960195E+00
       -0.9992623E+00        0.2154330E-02       -0.9971079E+00
       -0.9992212E+00        0.1223129E-02       -0.9979981E+00
       -0.9992425E+00        0.1779658E-02       -0.9974629E+00
       -0.9992995E+00        0.3090210E-02       -0.9962093E+00
       -0.9993654E+00        0.2968829E-02       -0.9963966E+00
       -0.9994454E+00        0.1675616E-02       -0.9977698E+00
       -0.9996070E+00        0.3679960E-02       -0.9959271E+00
       -0.9997643E+00        0.2217661E-02       -0.9975466E+00
       -0.9976843E+00        0.1080665E-02       -0.9966036E+00
       -0.9978922E+00        0.1232367E-02       -0.9966599E+00
       -0.9980969E+00        0.1549806E-02       -0.9965471E+00
       -0.9983222E+00        0.1563284E-02       -0.9967589E+00
       -0.9986378E+00        0.1190758E-02       -0.9974471E+00
       -0.9989163E+00        0.9751360E-03       -0.9979411E+00
       -0.9991832E+00        0.2276258E-02       -0.9969069E+00
       -0.9994554E+00        0.2375479E-02       -0.9970799E+00
       -0.9996999E+00        0.1991813E-02       -0.9977081E+00
       -0.9998651E+00        0.1816343E-02       -0.9980487E+00
       -0.9999617E+00        0.2663444E-02       -0.9972983E+00
       -0.9999984E+00        0.2335855E-02       -0.9976625E+00
       -0.9999959E+00        0.1047178E-02       -0.9989488E+00
       -0.9999830E+00        0.1654254E-02       -0.9983288E+00
       -0.9999680E+00        0.2489057E-02       -0.9974790E+00
       -0.9999606E+00        0.2049325E-02       -0.9979113E+00
       -0.9999512E+00        0.9459842E-03       -0.9990052E+00
       -0.9999420E+00        0.6545066E-03       -0.9992875E+00
       -0.9999350E+00        0.4631983E-03       -0.9994718E+00
       -0.9999412E+00        0.3059738E-03       -0.9996352E+00
       -0.9992705E+00        0.5490015E-02       -0.9937805E+00
       -0.9987730E+00        0.5415924E-02       -0.9933571E+00
       -0.9983068E+00        0.6185519E-02       -0.9921213E+00
       -0.9977974E+00        0.7269153E-02       -0.9905282E+00
       -0.9971671E+00        0.5542007E-02       -0.9916251E+00
       -0.9966623E+00        0.5054295E-02       -0.9916080E+00
       -0.9962107E+00        0.3778293E-02       -0.9924324E+00
       -0.9957612E+00        0.3602429E-02       -0.9921588E+00
       -0.9954820E+00        0.5077797E-02       -0.9904042E+00
       -0.9955413E+00        0.4934585E-02       -0.9906068E+00
       -0.9959355E+00        0.5403462E-02       -0.9905321E+00
       -0.9966208E+00        0.7436105E-02       -0.9891847E+00
       -0.9974435E+00        0.1219442E-01       -0.9852490E+00
       -0.9982804E+00        0.1160276E-01       -0.9866777E+00
       -0.9989158E+00        0.9981901E-02       -0.9889339E+00
       -0.9993986E+00        0.1107841E-01       -0.9883202E+00
       -0.9997571E+00        0.9485975E-02       -0.9902711E+00
       -0.9999333E+00        0.5055674E-02       -0.9948776E+00
       -0.9999946E+00        0.6368339E-02       -0.9936263E+00
       -0.9999892E+00        0.5607547E-02       -0.9943816E+00
       -0.9990307E+00        0.1266434E-02       -0.9977642E+00
       -0.9990906E+00        0.1889900E-02       -0.9972007E+00
       -0.9991730E+00        0.1509016E-02       -0.9976640E+00
       -0.9993573E+00        0.1875100E-02       -0.9974822E+00
       -0.9995778E+00        0.2912063E-02       -0.9966657E+00
       -0.9997838E+00        0.2561191E-02       -0.9972226E+00
       -0.9999258E+00        0.2868214E-02       -0.9970576E+00
       -0.9999968E+00        0.2693038E-02       -0.9973037E+00
       -0.9999760E+00        0.2424381E-02       -0.9975516E+00
       -0.9998718E+00        0.1669784E-02       -0.9982020E+00
       -0.9996871E+00        0.2114551E-02       -0.9975726E+00
       -0.9994044E+00        0.3231356E-02       -0.9961730E+00
       -0.9990018E+00        0.2459824E-02       -0.9965419E+00
       -0.9985678E+00        0.1933692E-02       -0.9966341E+00
       -0.9980637E+00        0.2466063E-02       -0.9955977E+00
       -0.9975065E+00        0.1029324E-02       -0.9964772E+00
       -0.9971690E+00        0.8518683E-03       -0.9963171E+00
       -0.9969654E+00        0.3777039E-03       -0.9965877E+00
       -0.9969221E+00        0.6443893E-03       -0.9962777E+00
       -0.9969406E+00        0.2931566E-03       -0.9966474E+00
       -0.9999191E+00        0.4907753E-02       -0.9950113E+00
       -0.9997921E+00        0.5352550E-02       -0.9944395E+00
       -0.9995604E+00        0.4533387E-02       -0.9950270E+00
       -0.9993564E+00        0.4615404E-02       -0.9947410E+00
       -0.9992518E+00        0.3043826E-02       -0.9962080E+00
       -0.9992134E+00        0.4187597E-02       -0.9950258E+00
       -0.9992138E+00        0.5398369E-02       -0.9938155E+00
       -0.9991802E+00        0.8310260E-02       -0.9908699E+00
       -0.9991044E+00        0.6198100E-02       -0.9929063E+00
       -0.9990719E+00        0.7626590E-02       -0.9914453E+00
       -0.9990042E+00        0.7119867E-02       -0.9918843E+00
       -0.9989312E+00        0.5457391E-02       -0.9934738E+00
       -0.9989116E+00        0.7484196E-02       -0.9914274E+00
       -0.9989297E+00        0.7609538E-02       -0.9913202E+00
       -0.9989035E+00        0.7331855E-02       -0.9915717E+00
       -0.9988961E+00        0.8328501E-02       -0.9905676E+00
       -0.9989814E+00        0.8210163E-02       -0.9907712E+00
       -0.9991200E+00        0.7746986E-02       -0.9913730E+00
       -0.9992753E+00        0.9981750E-02       -0.9892936E+00
       -0.9995348E+00        0.1144473E-01       -0.9880901E+00
       -0.9970277E+00        0.1994113E-02       -0.9950336E+00
       -0.9967307E+00        0.8439613E-03       -0.9958868E+00
       -0.9967450E+00        0.3896396E-03       -0.9963554E+00
       -0.9968084E+00        0.8795027E-03       -0.9959289E+00
       -0.9970136E+00        0.9912941E-03       -0.9960223E+00
       -0.9974083E+00        0.1623603E-02       -0.9957846E+00
       -0.9978642E+00        0.2056594E-02       -0.9958076E+00
       -0.9982970E+00        0.1743074E-02       -0.9965539E+00
       -0.9986617E+00        0.1613733E-02       -0.9970480E+00
       -0.9989644E+00        0.1273299E-02       -0.9976911E+00
       -0.9992670E+00        0.1196499E-02       -0.9980705E+00
       -0.9995134E+00        0.1566759E-02       -0.9979466E+00
       -0.9997239E+00        0.1530717E-02       -0.9981932E+00
       -0.9998802E+00        0.2239260E-02       -0.9976410E+00
       -0.9999782E+00        0.2607852E-02       -0.9973704E+00
       -0.9999940E+00        0.2733722E-02       -0.9972603E+00
       -0.9999068E+00        0.2581115E-02       -0.9973256E+00
       -0.9997397E+00        0.1742737E-02       -0.9979969E+00
       -0.9995140E+00        0.2099106E-02       -0.9974149E+00
       -0.9992086E+00        0.1656676E-02       -0.9975520E+00
       -0.9994507E+00        0.1584298E-01       -0.9836077E+00
       -0.9990844E+00        0.1495405E-01       -0.9841303E+00
       -0.9987166E+00        0.1265971E-01       -0.9860569E+00
       -0.9983347E+00        0.9974762E-02       -0.9883599E+00
       -0.9980139E+00        0.1111929E-01       -0.9868947E+00
       -0.9978161E+00        0.8876304E-02       -0.9889398E+00
       -0.9977432E+00        0.1048152E-01       -0.9872616E+00
       -0.9977806E+00        0.1269810E-01       -0.9850825E+00
       -0.9979008E+00        0.1568194E-01       -0.9822189E+00
       -0.9982442E+00        0.1748659E-01       -0.9807576E+00
       -0.9986285E+00        0.1647717E-01       -0.9821513E+00
       -0.9990959E+00        0.1577946E-01       -0.9833164E+00
       -0.9995602E+00        0.1371851E-01       -0.9858417E+00
       -0.9998704E+00        0.1162930E-01       -0.9882411E+00
       -0.9999883E+00        0.1200127E-01       -0.9879871E+00
       -0.9999726E+00        0.1217664E-01       -0.9877960E+00
       -0.9997896E+00        0.1180261E-01       -0.9879870E+00
       -0.9994607E+00        0.1263505E-01       -0.9868256E+00
       -0.9989365E+00        0.1564778E-01       -0.9832888E+00
       -0.9981776E+00        0.1490865E-01       -0.9832690E+00
       -0.9971549E+00        0.4361075E-02       -0.9927939E+00
       -0.9963417E+00        0.4701291E-02       -0.9916404E+00
       -0.9953658E+00        0.5695712E-02       -0.9896701E+00
       -0.9942724E+00        0.4547117E-02       -0.9897253E+00
       -0.9931857E+00        0.2726595E-02       -0.9904591E+00
       -0.9920409E+00        0.3729805E-02       -0.9883111E+00
       -0.9909650E+00        0.3344327E-02       -0.9876206E+00
       -0.9900178E+00        0.1575259E-02       -0.9884426E+00
       -0.9895269E+00        0.1826581E-02       -0.9877003E+00
       -0.9896237E+00        0.2599631E-02       -0.9870241E+00
       -0.9900089E+00        0.2244082E-02       -0.9877648E+00
       -0.9907679E+00        0.4465044E-02       -0.9863028E+00
       -0.9918160E+00        0.6152437E-02       -0.9856636E+00
       -0.9929542E+00        0.4743019E-02       -0.9882111E+00
       -0.9942794E+00        0.8603884E-02       -0.9856756E+00
       -0.9959508E+00        0.1174005E-01       -0.9842108E+00
       -0.9975454E+00        0.1228926E-01       -0.9852561E+00
       -0.9987642E+00        0.1326023E-01       -0.9855040E+00
       -0.9996085E+00        0.1407731E-01       -0.9855312E+00
       -0.9999770E+00        0.1154050E-01       -0.9884365E+00
       -0.9999693E+00        0.4323139E-03       -0.9995369E+00
       -0.9999734E+00        0.8884875E-05       -0.9999645E+00
       -0.9999651E+00        0.1134510E-03       -0.9998517E+00
       -0.9999707E+00        0.3595255E-03       -0.9996112E+00
       -0.9999679E+00        0.3104643E-03       -0.9996574E+00
       -0.9999416E+00        0.4468733E-03       -0.9994947E+00
       -0.9999164E+00        0.1231678E-03       -0.9997932E+00
       -0.9999228E+00        0.1107657E-03       -0.9998121E+00
       -0.9999319E+00        0.1737848E-03       -0.9997581E+00
       -0.9999146E+00        0.2699160E-03       -0.9996447E+00
       -0.9999209E+00        0.7384197E-03       -0.9991825E+00
       -0.9999565E+00        0.1021844E-02       -0.9989346E+00
       -0.9999830E+00        0.1930662E-02       -0.9980524E+00
       -0.9999924E+00        0.3122427E-02       -0.9968700E+00
       -0.9999931E+00        0.4700877E-02       -0.9952922E+00
       -0.9999929E+00        0.4442368E-02       -0.9955505E+00
       -0.9999975E+00        0.6297091E-02       -0.9937004E+00
       -0.9999970E+00        0.6762845E-02       -0.9932342E+00
       -0.9999982E+00        0.7008752E-02       -0.9929895E+00
       -0.9999998E+00        0.7846400E-02       -0.9921534E+00
       -0.9991347E+00        0.1047832E-01       -0.9886563E+00
       -0.9997485E+00        0.1097957E-01       -0.9887689E+00
       -0.9999954E+00        0.1394027E-01       -0.9860551E+00
       -0.9998472E+00        0.1383117E-01       -0.9860160E+00
       -0.9993802E+00        0.9076256E-02       -0.9903039E+00
       -0.9987166E+00        0.9280123E-02       -0.9894365E+00
       -0.9978470E+00        0.9316781E-02       -0.9885303E+00
       -0.9968748E+00        0.7497876E-02       -0.9893770E+00
       -0.9959146E+00        0.6137727E-02       -0.9897769E+00
       -0.9950489E+00        0.4752758E-02       -0.9902961E+00
       -0.9942548E+00        0.2072714E-02       -0.9921821E+00
       -0.9939008E+00        0.1142583E-02       -0.9927582E+00
       -0.9937804E+00        0.1084393E-02       -0.9926960E+00
       -0.9938795E+00        0.1397753E-02       -0.9924817E+00
       -0.9941670E+00        0.2378781E-02       -0.9917883E+00
       -0.9944749E+00        0.3692483E-02       -0.9907824E+00
       -0.9949071E+00        0.5000998E-02       -0.9899061E+00
       -0.9957087E+00        0.6770751E-02       -0.9889379E+00
       -0.9966450E+00        0.6987374E-02       -0.9896576E+00
       -0.9975635E+00        0.7494505E-02       -0.9900690E+00
       -0.9999571E+00        0.1174172E-01       -0.9882154E+00
       -0.9999492E+00        0.9948620E-02       -0.9900006E+00
       -0.9996322E+00        0.8643776E-02       -0.9909884E+00
       -0.9990452E+00        0.8603131E-02       -0.9904421E+00
       -0.9981118E+00        0.9819039E-02       -0.9882928E+00
       -0.9968363E+00        0.9239731E-02       -0.9875966E+00
       -0.9955282E+00        0.7017267E-02       -0.9885109E+00
       -0.9944232E+00        0.5756529E-02       -0.9886667E+00
       -0.9936238E+00        0.5463713E-02       -0.9881601E+00
       -0.9932694E+00        0.5074691E-02       -0.9881947E+00
       -0.9932031E+00        0.3909918E-02       -0.9892932E+00
       -0.9934549E+00        0.4819401E-02       -0.9886355E+00
       -0.9941781E+00        0.5414165E-02       -0.9887639E+00
       -0.9950290E+00        0.8218935E-02       -0.9868101E+00
       -0.9960779E+00        0.5809810E-02       -0.9902681E+00
       -0.9969615E+00        0.8350142E-02       -0.9886114E+00
       -0.9979694E+00        0.1138535E-01       -0.9865841E+00
       -0.9988395E+00        0.1154458E-01       -0.9872949E+00
       -0.9995164E+00        0.1161514E-01       -0.9879013E+00
       -0.9998886E+00        0.1039223E-01       -0.9894963E+00
       -0.9989642E+00        0.2953644E-02       -0.9960106E+00
       -0.9990932E+00        0.2252713E-02       -0.9968405E+00
       -0.9991812E+00        0.1360473E-02       -0.9978207E+00
       -0.9993303E+00        0.1697529E-02       -0.9976327E+00
       -0.9994859E+00        0.1330740E-02       -0.9981552E+00
       -0.9996366E+00        0.2066472E-02       -0.9975702E+00
       -0.9997602E+00        0.1893012E-02       -0.9978671E+00
       -0.9998412E+00        0.1694395E-02       -0.9981468E+00
       -0.9999098E+00        0.2024201E-02       -0.9978856E+00
       -0.9999436E+00        0.2485537E-02       -0.9974581E+00
       -0.9999698E+00        0.2100649E-02       -0.9978691E+00
       -0.9999886E+00        0.2822361E-02       -0.9971662E+00
       -0.9999998E+00        0.3961807E-02       -0.9960380E+00
       -0.9999805E+00        0.4641211E-02       -0.9953393E+00
       -0.9999266E+00        0.5937569E-02       -0.9939890E+00
       -0.9998089E+00        0.6607863E-02       -0.9932011E+00
       -0.9996001E+00        0.6420108E-02       -0.9931800E+00
       -0.9993686E+00        0.5726484E-02       -0.9936421E+00
       -0.9992155E+00        0.5323491E-02       -0.9938920E+00
       -0.9990682E+00        0.6147536E-02       -0.9929207E+00
       -0.9883742E+00        0.4544462E-02       -0.9838298E+00
       -0.9893580E+00        0.4992625E-02       -0.9843654E+00
       -0.9903444E+00        0.4574099E-02       -0.9857703E+00
       -0.9914124E+00        0.6146094E-02       -0.9852663E+00
       -0.9929356E+00        0.1033602E-01       -0.9825996E+00
       -0.9947778E+00        0.1137979E-01       -0.9833980E+00
       -0.9962905E+00        0.1004091E-01       -0.9862496E+00
       -0.9976283E+00        0.1223391E-01       -0.9853944E+00
       -0.9987272E+00        0.1235845E-01       -0.9863688E+00
       -0.9994459E+00        0.1132200E-01       -0.9881239E+00
       -0.9998524E+00        0.9516082E-02       -0.9903363E+00
       -0.9999986E+00        0.1201442E-01       -0.9879842E+00
       -0.9998851E+00        0.1158883E-01       -0.9882962E+00
       -0.9994536E+00        0.1183105E-01       -0.9876226E+00
       -0.9987285E+00        0.1403465E-01       -0.9846939E+00
       -0.9976724E+00        0.1239671E-01       -0.9852757E+00
       -0.9965848E+00        0.1066816E-01       -0.9859167E+00
       -0.9954581E+00        0.8425194E-02       -0.9870329E+00
       -0.9940027E+00        0.1026508E-01       -0.9837376E+00
       -0.9925072E+00        0.8347862E-02       -0.9841593E+00
       -0.9911913E+00        0.7550717E-02       -0.9836406E+00
       -0.9899635E+00        0.4939466E-02       -0.9850241E+00
       -0.9892554E+00        0.3913678E-02       -0.9853417E+00
       -0.9888314E+00        0.3817352E-02       -0.9850140E+00
       -0.9887978E+00        0.5921891E-02       -0.9828759E+00
       -0.9891127E+00        0.6446218E-02       -0.9826665E+00
       -0.9898984E+00        0.9233267E-02       -0.9806652E+00
       -0.9911141E+00        0.1149796E-01       -0.9796161E+00
       -0.9926385E+00        0.1383163E-01       -0.9788068E+00
       -0.9944888E+00        0.1227396E-01       -0.9822148E+00
       -0.9961664E+00        0.1235172E-01       -0.9838147E+00
       -0.9975944E+00        0.1298047E-01       -0.9846140E+00
       -0.9987525E+00        0.1122754E-01       -0.9875250E+00
       -0.9995568E+00        0.1402490E-01       -0.9855319E+00
       -0.9999431E+00        0.1219487E-01       -0.9877483E+00
       -0.9999831E+00        0.1273175E-01       -0.9872514E+00
       -0.9997417E+00        0.1295860E-01       -0.9867831E+00
       -0.9992193E+00        0.1366673E-01       -0.9855525E+00
       -0.9984817E+00        0.1295632E-01       -0.9855254E+00
       -0.9976367E+00        0.1238873E-01       -0.9852479E+00
