       -0.9689202E+00        0.5297480E-01       -0.9159454E+00
       -0.9598751E+00        0.4883974E-01       -0.9110353E+00
       -0.9510448E+00        0.3564314E-01       -0.9154017E+00
       -0.9427782E+00        0.2746353E-01       -0.9153146E+00
       -0.9354102E+00        0.1809477E-01       -0.9173155E+00
       -0.9291211E+00        0.1381411E-01       -0.9153070E+00
       -0.9239677E+00        0.6726922E-02       -0.9172408E+00
       -0.9207172E+00        0.2036872E-02       -0.9186803E+00
       -0.9190667E+00        0.7010356E-03       -0.9183657E+00
       -0.9186857E+00        0.6330951E-03       -0.9180526E+00
       -0.9200214E+00        0.2276782E-02       -0.9177446E+00
       -0.9450096E+00        0.5715119E-02       -0.9392945E+00
       -0.9485929E+00        0.7330314E-02       -0.9412626E+00
       -0.9529493E+00        0.1298724E-01       -0.9399621E+00
       -0.9580591E+00        0.1649697E-01       -0.9415622E+00
       -0.9638870E+00        0.2245188E-01       -0.9414351E+00
       -0.9698597E+00        0.2576279E-01       -0.9440969E+00
       -0.9757863E+00        0.2749194E-01       -0.9482943E+00
       -0.9817051E+00        0.3333966E-01       -0.9483654E+00
       -0.9871944E+00        0.4210838E-01       -0.9450861E+00
       -0.9921688E+00        0.3896202E-01       -0.9532068E+00
       -0.9745546E+00        0.7622049E-01       -0.8983341E+00
       -0.9838086E+00        0.8188825E-01       -0.9019204E+00
       -0.9913791E+00        0.8626765E-01       -0.9051114E+00
       -0.9968374E+00        0.8808288E-01       -0.9087545E+00
       -0.9997120E+00        0.9178773E-01       -0.9079243E+00
       -0.9993610E+00        0.9610684E-01       -0.9032541E+00
       -0.9952351E+00        0.9047792E-01       -0.9047572E+00
       -0.9873907E+00        0.7991630E-01       -0.9074744E+00
       -0.9760355E+00        0.7090319E-01       -0.9051323E+00
       -0.9621457E+00        0.5201845E-01       -0.9101272E+00
       -0.9746765E+00        0.1874343E-01       -0.9559331E+00
       -0.9682930E+00        0.1343127E-01       -0.9548617E+00
       -0.9632289E+00        0.6826395E-02       -0.9564025E+00
       -0.9607326E+00        0.1779593E-02       -0.9589530E+00
       -0.9607675E+00        0.1080407E-02       -0.9596871E+00
       -0.9630654E+00        0.2561998E-02       -0.9605034E+00
       -0.9673181E+00        0.7611906E-02       -0.9597062E+00
       -0.9727459E+00        0.1044402E-01       -0.9623018E+00
       -0.9785321E+00        0.1742061E-01       -0.9611115E+00
       -0.9844412E+00        0.2024683E-01       -0.9641944E+00
       -0.9896287E+00        0.2100451E-01       -0.9686241E+00
       -0.9936428E+00        0.2101628E-01       -0.9726266E+00
       -0.9966567E+00        0.2365485E-01       -0.9730018E+00
       -0.9987234E+00        0.2351746E-01       -0.9752059E+00
       -0.9998196E+00        0.2502049E-01       -0.9747991E+00
       -0.9999233E+00        0.2556258E-01       -0.9743608E+00
       -0.9990694E+00        0.2649977E-01       -0.9725697E+00
       -0.9973820E+00        0.2331388E-01       -0.9740681E+00
       -0.9950533E+00        0.2194441E-01       -0.9731089E+00
       -0.9922200E+00        0.1851645E-01       -0.9737035E+00
       -0.9875029E+00        0.1321929E-01       -0.9742836E+00
       -0.9848478E+00        0.9520304E-02       -0.9753275E+00
       -0.9828033E+00        0.6612626E-02       -0.9761906E+00
       -0.9813450E+00        0.7098243E-02       -0.9742468E+00
       -0.9800613E+00        0.6564302E-02       -0.9734970E+00
       -0.9793495E+00        0.6667105E-02       -0.9726824E+00
       -0.9791982E+00        0.6562029E-02       -0.9726362E+00
       -0.9797674E+00        0.7676337E-02       -0.9720911E+00
       -0.9808943E+00        0.1028694E-01       -0.9706074E+00
       -0.9824687E+00        0.1215854E-01       -0.9703102E+00
       -0.9918753E+00        0.7743169E-02       -0.9841321E+00
       -0.9938357E+00        0.1075505E-01       -0.9830806E+00
       -0.9957284E+00        0.1146828E-01       -0.9842601E+00
       -0.9973527E+00        0.1302741E-01       -0.9843253E+00
       -0.9986585E+00        0.1287382E-01       -0.9857847E+00
       -0.9995233E+00        0.1471285E-01       -0.9848105E+00
       -0.9999677E+00        0.1543130E-01       -0.9845364E+00
       -0.9998705E+00        0.1585765E-01       -0.9840128E+00
       -0.9991510E+00        0.1317948E-01       -0.9859715E+00
       -0.9979831E+00        0.1131573E-01       -0.9866674E+00
       -0.9940608E+00        0.4662948E-01       -0.9474313E+00
       -0.9973614E+00        0.4516314E-01       -0.9521982E+00
       -0.9993504E+00        0.4072426E-01       -0.9586261E+00
       -0.9999999E+00        0.3919181E-01       -0.9608081E+00
       -0.9993273E+00        0.3721557E-01       -0.9621117E+00
       -0.9972672E+00        0.4018017E-01       -0.9570871E+00
       -0.9937814E+00        0.3420755E-01       -0.9595739E+00
       -0.9893755E+00        0.2522982E-01       -0.9641457E+00
       -0.9842155E+00        0.2195414E-01       -0.9622614E+00
       -0.9789256E+00        0.1539893E-01       -0.9635266E+00
       -0.9796732E+00        0.6946718E-03       -0.9789785E+00
       -0.9810409E+00        0.1611269E-02       -0.9794296E+00
       -0.9831335E+00        0.5576741E-02       -0.9775567E+00
       -0.9862276E+00        0.9218292E-02       -0.9770093E+00
       -0.9896151E+00        0.1185032E-01       -0.9777648E+00
       -0.9928697E+00        0.1359541E-01       -0.9792743E+00
       -0.9956646E+00        0.1938799E-01       -0.9762766E+00
       -0.9978807E+00        0.1988716E-01       -0.9779935E+00
       -0.9993266E+00        0.1985573E-01       -0.9794708E+00
       -0.9999555E+00        0.2034630E-01       -0.9796092E+00
       -0.9898465E+00        0.2742232E-01       -0.9624242E+00
       -0.9932843E+00        0.2816079E-01       -0.9651235E+00
       -0.9960194E+00        0.2870316E-01       -0.9673163E+00
       -0.9980120E+00        0.2834529E-01       -0.9696667E+00
       -0.9992842E+00        0.2615319E-01       -0.9731310E+00
       -0.9999035E+00        0.2639642E-01       -0.9735070E+00
       -0.9999535E+00        0.2583132E-01       -0.9741221E+00
       -0.9995107E+00        0.2606103E-01       -0.9734497E+00
       -0.9987176E+00        0.2482494E-01       -0.9738927E+00
       -0.9976091E+00        0.2548022E-01       -0.9721288E+00
       -0.9914389E+00        0.1008441E-01       -0.9813545E+00
       -0.9899268E+00        0.7256947E-02       -0.9826699E+00
       -0.9887503E+00        0.6543195E-02       -0.9822071E+00
       -0.9875799E+00        0.4323056E-02       -0.9832568E+00
       -0.9868006E+00        0.3054946E-02       -0.9837456E+00
       -0.9865525E+00        0.3476004E-02       -0.9830765E+00
       -0.9864667E+00        0.3700488E-02       -0.9827662E+00
       -0.9867384E+00        0.2026327E-02       -0.9847121E+00
       -0.9871553E+00        0.2222966E-02       -0.9849324E+00
       -0.9878575E+00        0.2644621E-02       -0.9852129E+00
       -0.9990895E+00        0.8785839E-02       -0.9903037E+00
       -0.9982242E+00        0.6450953E-02       -0.9917733E+00
       -0.9972514E+00        0.5711321E-02       -0.9915401E+00
       -0.9960482E+00        0.5698860E-02       -0.9903494E+00
       -0.9948142E+00        0.3455180E-02       -0.9913590E+00
       -0.9937145E+00        0.2327047E-02       -0.9913874E+00
       -0.9928750E+00        0.1314578E-02       -0.9915604E+00
       -0.9924697E+00        0.4045692E-03       -0.9920651E+00
       -0.9923024E+00        0.5974703E-04       -0.9922426E+00
       -0.9924159E+00        0.2390497E-04       -0.9923920E+00
       -0.9992942E+00        0.2345955E-01       -0.9758346E+00
       -0.9998228E+00        0.2394201E-01       -0.9758808E+00
       -0.9999972E+00        0.2450016E-01       -0.9754971E+00
       -0.9996816E+00        0.2452627E-01       -0.9751553E+00
       -0.9987880E+00        0.2236042E-01       -0.9764276E+00
       -0.9972654E+00        0.1701406E-01       -0.9802513E+00
       -0.9953123E+00        0.1358009E-01       -0.9817322E+00
       -0.9929544E+00        0.1344837E-01       -0.9795060E+00
       -0.9904482E+00        0.1082395E-01       -0.9796242E+00
       -0.9879319E+00        0.1065993E-01       -0.9772719E+00
       -0.9922628E+00        0.3681903E-02       -0.9885809E+00
       -0.9937566E+00        0.3201581E-02       -0.9905550E+00
       -0.9950481E+00        0.4203549E-02       -0.9908446E+00
       -0.9963540E+00        0.5870810E-02       -0.9904831E+00
       -0.9976443E+00        0.9075857E-02       -0.9885685E+00
       -0.9987848E+00        0.8936423E-02       -0.9898483E+00
       -0.9995545E+00        0.1063990E-01       -0.9889146E+00
       -0.9999438E+00        0.7895657E-02       -0.9920481E+00
       -0.9999878E+00        0.6363006E-02       -0.9936248E+00
       -0.9997935E+00        0.6307855E-02       -0.9934856E+00
       -0.9970518E+00        0.9362829E-03       -0.9961156E+00
       -0.9968831E+00        0.2030861E-03       -0.9966801E+00
       -0.9968725E+00        0.3417450E-03       -0.9965308E+00
       -0.9968854E+00        0.1647617E-03       -0.9967206E+00
       -0.9969621E+00        0.1675421E-03       -0.9967945E+00
       -0.9971122E+00        0.7592876E-03       -0.9963529E+00
       -0.9974673E+00        0.1291994E-02       -0.9961754E+00
       -0.9979677E+00        0.2424565E-02       -0.9955432E+00
       -0.9985164E+00        0.3368513E-02       -0.9951479E+00
       -0.9990325E+00        0.3965072E-02       -0.9950675E+00
       -0.9994653E+00        0.6021055E-02       -0.9934443E+00
       -0.9998056E+00        0.6452655E-02       -0.9933529E+00
       -0.9999851E+00        0.6197907E-02       -0.9937872E+00
       -0.9999755E+00        0.3801012E-02       -0.9961745E+00
       -0.9998331E+00        0.3446658E-02       -0.9963864E+00
       -0.9996184E+00        0.2001688E-02       -0.9976167E+00
       -0.9993777E+00        0.2321398E-02       -0.9970563E+00
       -0.9990528E+00        0.2651270E-02       -0.9964015E+00
       -0.9986457E+00        0.1974252E-02       -0.9966715E+00
       -0.9983811E+00        0.1924716E-02       -0.9964564E+00
       -0.9998684E+00        0.3105804E-02       -0.9967626E+00
       -0.9999801E+00        0.4397852E-02       -0.9955823E+00
       -0.9999855E+00        0.3028099E-02       -0.9969574E+00
       -0.9998815E+00        0.3051173E-02       -0.9968303E+00
       -0.9996691E+00        0.2179886E-02       -0.9974893E+00
       -0.9993612E+00        0.2542623E-02       -0.9968186E+00
       -0.9989682E+00        0.2492180E-02       -0.9964761E+00
       -0.9984484E+00        0.2686970E-02       -0.9957615E+00
       -0.9979404E+00        0.1256237E-02       -0.9966841E+00
       -0.9975880E+00        0.2471911E-03       -0.9973408E+00
       -0.9996166E+00        0.8232032E-02       -0.9913846E+00
       -0.9990470E+00        0.6134972E-02       -0.9929121E+00
       -0.9983873E+00        0.3668020E-02       -0.9947192E+00
       -0.9978691E+00        0.1745367E-02       -0.9961238E+00
       -0.9975169E+00        0.1301486E-02       -0.9962154E+00
       -0.9972781E+00        0.1498818E-02       -0.9957792E+00
       -0.9970963E+00        0.1796861E-02       -0.9952995E+00
       -0.9969757E+00        0.5591410E-03       -0.9964165E+00
       -0.9969450E+00        0.1536063E-03       -0.9967914E+00
       -0.9970665E+00        0.4357753E-03       -0.9966307E+00
       -0.9974462E+00        0.1458497E-02       -0.9959877E+00
       -0.9979157E+00        0.1748797E-02       -0.9961669E+00
       -0.9984138E+00        0.2324062E-02       -0.9960898E+00
       -0.9988404E+00        0.1817533E-02       -0.9970228E+00
       -0.9991739E+00        0.1704186E-02       -0.9974697E+00
       -0.9994729E+00        0.1683672E-02       -0.9977892E+00
       -0.9997053E+00        0.2082559E-02       -0.9976227E+00
       -0.9998833E+00        0.2498281E-02       -0.9973850E+00
       -0.9999850E+00        0.2555801E-02       -0.9974292E+00
       -0.9999940E+00        0.2965464E-02       -0.9970285E+00
       -0.9998779E+00        0.6461274E-02       -0.9934166E+00
       -0.9999933E+00        0.6132360E-02       -0.9938609E+00
       -0.9999748E+00        0.8155854E-02       -0.9918189E+00
       -0.9998333E+00        0.7440770E-02       -0.9923926E+00
       -0.9995149E+00        0.8637789E-02       -0.9908771E+00
       -0.9990043E+00        0.9258410E-02       -0.9897459E+00
       -0.9983911E+00        0.7316310E-02       -0.9910748E+00
       -0.9978530E+00        0.8125915E-02       -0.9897271E+00
       -0.9973155E+00        0.6738713E-02       -0.9905768E+00
       -0.9967252E+00        0.6632616E-02       -0.9900926E+00
       -0.9997453E+00        0.4116865E-02       -0.9956285E+00
       -0.9999245E+00        0.4234091E-02       -0.9956904E+00
       -0.9999977E+00        0.5235867E-02       -0.9947618E+00
       -0.9999710E+00        0.4698475E-02       -0.9952725E+00
       -0.9998307E+00        0.4902115E-02       -0.9949286E+00
       -0.9996095E+00        0.5505641E-02       -0.9941038E+00
       -0.9993070E+00        0.5374163E-02       -0.9939329E+00
       -0.9989527E+00        0.4831097E-02       -0.9941216E+00
       -0.9985842E+00        0.4729747E-02       -0.9938545E+00
       -0.9982968E+00        0.3447252E-02       -0.9948495E+00
       -0.9995485E+00        0.2755723E-02       -0.9967928E+00
       -0.9993065E+00        0.2714489E-02       -0.9965920E+00
       -0.9991266E+00        0.2938819E-02       -0.9961878E+00
       -0.9989833E+00        0.2686418E-02       -0.9962969E+00
       -0.9988151E+00        0.1872450E-02       -0.9969426E+00
       -0.9985983E+00        0.2033385E-02       -0.9965650E+00
       -0.9984435E+00        0.9486496E-03       -0.9974949E+00
       -0.9983902E+00        0.1642298E-02       -0.9967479E+00
       -0.9984115E+00        0.1174826E-02       -0.9972366E+00
       -0.9983982E+00        0.1891957E-02       -0.9965063E+00
       -0.9999700E+00        0.8323069E-02       -0.9916469E+00
       -0.9998471E+00        0.8805389E-02       -0.9910417E+00
       -0.9996211E+00        0.8254964E-02       -0.9913661E+00
       -0.9992811E+00        0.7169876E-02       -0.9921112E+00
       -0.9987949E+00        0.8566905E-02       -0.9902280E+00
       -0.9982539E+00        0.6977053E-02       -0.9912769E+00
       -0.9975697E+00        0.7618298E-02       -0.9899514E+00
       -0.9967810E+00        0.5655858E-02       -0.9911252E+00
       -0.9959716E+00        0.5489252E-02       -0.9904823E+00
       -0.9952154E+00        0.4215655E-02       -0.9909998E+00
       -0.9999576E+00        0.5804131E-02       -0.9941534E+00
       -0.9997761E+00        0.4850327E-02       -0.9949257E+00
       -0.9994804E+00        0.3832298E-02       -0.9956481E+00
       -0.9991520E+00        0.2768180E-02       -0.9963838E+00
       -0.9987260E+00        0.2879153E-02       -0.9958468E+00
       -0.9982381E+00        0.2880087E-02       -0.9953580E+00
       -0.9977164E+00        0.2571304E-02       -0.9951451E+00
       -0.9973790E+00        0.9467216E-03       -0.9964322E+00
       -0.9971305E+00        0.3878082E-03       -0.9967427E+00
       -0.9969935E+00        0.7199548E-03       -0.9962735E+00
       -0.9999205E+00        0.5367419E-03       -0.9993838E+00
       -0.9999027E+00        0.8628204E-03       -0.9990398E+00
       -0.9998835E+00        0.1388328E-02       -0.9984952E+00
       -0.9998622E+00        0.9045823E-03       -0.9989576E+00
       -0.9998773E+00        0.9186455E-03       -0.9989586E+00
       -0.9998893E+00        0.7925824E-03       -0.9990967E+00
       -0.9998986E+00        0.4146561E-03       -0.9994840E+00
       -0.9999127E+00        0.7231260E-03       -0.9991896E+00
       -0.9999088E+00        0.1424212E-02       -0.9984845E+00
       -0.9998845E+00        0.1452297E-02       -0.9984322E+00
       -0.9982519E+00        0.9386986E-02       -0.9888649E+00
       -0.9972435E+00        0.8165516E-02       -0.9890780E+00
       -0.9963096E+00        0.7248623E-02       -0.9890609E+00
       -0.9954639E+00        0.4737199E-02       -0.9907267E+00
       -0.9948285E+00        0.3510539E-02       -0.9913180E+00
       -0.9945960E+00        0.2873929E-02       -0.9917221E+00
       -0.9947810E+00        0.3044474E-02       -0.9917365E+00
       -0.9953412E+00        0.3222033E-02       -0.9921192E+00
       -0.9962461E+00        0.4565539E-02       -0.9916806E+00
       -0.9971458E+00        0.4696156E-02       -0.9924496E+00
       -0.9904575E+00        0.1364160E-02       -0.9890934E+00
       -0.9903206E+00        0.8920638E-03       -0.9894285E+00
       -0.9906139E+00        0.1518842E-02       -0.9890951E+00
       -0.9914752E+00        0.2126098E-02       -0.9893491E+00
       -0.9926076E+00        0.3168895E-02       -0.9894387E+00
       -0.9938505E+00        0.2817085E-02       -0.9910334E+00
       -0.9952108E+00        0.5119889E-02       -0.9900910E+00
       -0.9966243E+00        0.5687613E-02       -0.9909366E+00
       -0.9977072E+00        0.4923899E-02       -0.9927833E+00
       -0.9986024E+00        0.6684920E-02       -0.9919175E+00
       -0.9999124E+00        0.5960048E-02       -0.9939524E+00
       -0.9999992E+00        0.6498875E-02       -0.9935004E+00
       -0.9998834E+00        0.5110702E-02       -0.9947727E+00
       -0.9996280E+00        0.2763192E-02       -0.9968648E+00
       -0.9992643E+00        0.3743113E-02       -0.9955212E+00
       -0.9987240E+00        0.3173516E-02       -0.9955505E+00
       -0.9981254E+00        0.2223753E-02       -0.9959016E+00
       -0.9975133E+00        0.1750668E-02       -0.9957627E+00
       -0.9969571E+00        0.1235280E-02       -0.9957218E+00
       -0.9964194E+00        0.7500396E-03       -0.9956694E+00
       -0.9994659E+00        0.1342497E-02       -0.9981234E+00
       -0.9996171E+00        0.2081996E-02       -0.9975351E+00
       -0.9997812E+00        0.2222598E-02       -0.9975586E+00
       -0.9998822E+00        0.2178609E-02       -0.9977036E+00
       -0.9999525E+00        0.1198760E-02       -0.9987538E+00
       -0.9999834E+00        0.6514763E-03       -0.9993319E+00
       -0.9999999E+00        0.9015608E-03       -0.9990984E+00
       -0.9999845E+00        0.8375442E-03       -0.9991470E+00
       -0.9999368E+00        0.1296992E-02       -0.9986398E+00
       -0.9998355E+00        0.1028872E-02       -0.9988066E+00
       -0.9994462E+00        0.8946372E-02       -0.9904998E+00
       -0.9988402E+00        0.8651526E-02       -0.9901886E+00
       -0.9981512E+00        0.9113046E-02       -0.9890382E+00
       -0.9973007E+00        0.7982950E-02       -0.9893178E+00
       -0.9964172E+00        0.7903124E-02       -0.9885141E+00
       -0.9954758E+00        0.6270279E-02       -0.9892055E+00
       -0.9946106E+00        0.5053326E-02       -0.9895573E+00
       -0.9938747E+00        0.2994785E-02       -0.9908799E+00
       -0.9932754E+00        0.1266206E-02       -0.9920092E+00
       -0.9930334E+00        0.4722723E-03       -0.9925612E+00
       -0.9988160E+00        0.2341372E-02       -0.9964746E+00
       -0.9984023E+00        0.1570033E-02       -0.9968323E+00
       -0.9980351E+00        0.1912757E-02       -0.9961223E+00
       -0.9977176E+00        0.1596634E-02       -0.9961210E+00
       -0.9975204E+00        0.9214823E-03       -0.9965989E+00
       -0.9973736E+00        0.1964598E-02       -0.9954090E+00
       -0.9972272E+00        0.1997865E-02       -0.9952293E+00
       -0.9970750E+00        0.2195331E-02       -0.9948797E+00
       -0.9969970E+00        0.2843440E-02       -0.9941536E+00
       -0.9969873E+00        0.1509781E-02       -0.9954775E+00
       -0.9958477E+00        0.8033739E-03       -0.9950443E+00
       -0.9960583E+00        0.2374019E-02       -0.9936843E+00
       -0.9964564E+00        0.3228940E-02       -0.9932275E+00
       -0.9969455E+00        0.4138925E-02       -0.9928066E+00
       -0.9975531E+00        0.5336747E-02       -0.9922164E+00
       -0.9981647E+00        0.4981736E-02       -0.9931829E+00
       -0.9986600E+00        0.4202742E-02       -0.9944573E+00
       -0.9990342E+00        0.4232952E-02       -0.9948013E+00
       -0.9994347E+00        0.5060441E-02       -0.9943742E+00
       -0.9997400E+00        0.5427419E-02       -0.9943126E+00
       -0.9986263E+00        0.2162581E-02       -0.9964637E+00
       -0.9986585E+00        0.2197185E-02       -0.9964613E+00
       -0.9987702E+00        0.2335475E-02       -0.9964347E+00
       -0.9990023E+00        0.3832244E-02       -0.9951701E+00
       -0.9992769E+00        0.4622093E-02       -0.9946548E+00
       -0.9995667E+00        0.5572782E-02       -0.9939939E+00
       -0.9997381E+00        0.5508982E-02       -0.9942291E+00
       -0.9998420E+00        0.5861470E-02       -0.9939805E+00
       -0.9999105E+00        0.4329751E-02       -0.9955807E+00
       -0.9999681E+00        0.5262085E-02       -0.9947060E+00
       -0.9991004E+00        0.3412512E-02       -0.9956879E+00
       -0.9987865E+00        0.3451398E-02       -0.9953351E+00
       -0.9984796E+00        0.2946207E-02       -0.9955334E+00
       -0.9980949E+00        0.3854977E-02       -0.9942399E+00
       -0.9977505E+00        0.3691870E-02       -0.9940587E+00
       -0.9975030E+00        0.2829535E-02       -0.9946735E+00
       -0.9970888E+00        0.3370191E-02       -0.9937186E+00
       -0.9966700E+00        0.2444113E-02       -0.9942259E+00
       -0.9963111E+00        0.2215328E-02       -0.9940957E+00
       -0.9961789E+00        0.1398450E-02       -0.9947804E+00
       -0.9998449E+00        0.1135202E-01       -0.9884929E+00
       -0.9999999E+00        0.1275744E-01       -0.9872425E+00
       -0.9998724E+00        0.1179103E-01       -0.9880814E+00
       -0.9995122E+00        0.1177301E-01       -0.9877392E+00
       -0.9989281E+00        0.1137353E-01       -0.9875546E+00
       -0.9980572E+00        0.1153090E-01       -0.9865263E+00
       -0.9969708E+00        0.1000331E-01       -0.9869675E+00
       -0.9960445E+00        0.8799593E-02       -0.9872450E+00
       -0.9951165E+00        0.9065194E-02       -0.9860514E+00
       -0.9941181E+00        0.6456517E-02       -0.9876616E+00
       -0.9985492E+00        0.7948664E-03       -0.9977544E+00
       -0.9983149E+00        0.9968390E-03       -0.9973181E+00
       -0.9981093E+00        0.8877660E-03       -0.9972216E+00
       -0.9979493E+00        0.6034428E-03       -0.9973459E+00
       -0.9979025E+00        0.1681982E-02       -0.9962205E+00
       -0.9979670E+00        0.1418946E-02       -0.9965481E+00
       -0.9981895E+00        0.1765077E-02       -0.9964244E+00
       -0.9984263E+00        0.3593547E-02       -0.9948328E+00
       -0.9987868E+00        0.4348067E-02       -0.9944388E+00
       -0.9991232E+00        0.6316451E-02       -0.9928067E+00
       -0.9980720E+00        0.5520579E-02       -0.9925514E+00
       -0.9983311E+00        0.6205985E-02       -0.9921252E+00
       -0.9986327E+00        0.5187156E-02       -0.9934455E+00
       -0.9988714E+00        0.5798730E-02       -0.9930727E+00
       -0.9990259E+00        0.5193638E-02       -0.9938322E+00
       -0.9991594E+00        0.2983637E-02       -0.9961757E+00
       -0.9993426E+00        0.4276113E-02       -0.9950665E+00
       -0.9995675E+00        0.4991125E-02       -0.9945764E+00
       -0.9997673E+00        0.4166841E-02       -0.9956005E+00
       -0.9998898E+00        0.4249185E-02       -0.9956406E+00
       -0.9996606E+00        0.3163673E-02       -0.9964970E+00
       -0.9998691E+00        0.4472717E-02       -0.9953963E+00
       -0.9999896E+00        0.5389310E-02       -0.9946003E+00
       -0.9999727E+00        0.6246244E-02       -0.9937264E+00
       -0.9998395E+00        0.3602302E-02       -0.9962372E+00
       -0.9996553E+00        0.3179244E-02       -0.9964761E+00
       -0.9994031E+00        0.2671393E-02       -0.9967317E+00
       -0.9990950E+00        0.2692275E-02       -0.9964027E+00
       -0.9987940E+00        0.1992668E-02       -0.9968014E+00
       -0.9985432E+00        0.1082795E-02       -0.9974605E+00
       -0.9989809E+00        0.7963385E-02       -0.9910175E+00
       -0.9990279E+00        0.9052408E-02       -0.9899755E+00
       -0.9990776E+00        0.9926952E-02       -0.9891507E+00
       -0.9991270E+00        0.1026034E-01       -0.9888666E+00
       -0.9992430E+00        0.1115951E-01       -0.9880835E+00
       -0.9993303E+00        0.1053730E-01       -0.9887930E+00
       -0.9995046E+00        0.1211623E-01       -0.9873884E+00
       -0.9996748E+00        0.1585335E-01       -0.9838214E+00
       -0.9998216E+00        0.1549217E-01       -0.9843294E+00
       -0.9999305E+00        0.1372909E-01       -0.9862014E+00
       -0.9999736E+00        0.7629802E-02       -0.9923438E+00
       -0.1000000E+01        0.6641741E-02       -0.9933583E+00
       -0.9999779E+00        0.4700955E-02       -0.9952770E+00
       -0.9999377E+00        0.3860021E-02       -0.9960777E+00
       -0.9998798E+00        0.3787875E-02       -0.9960920E+00
       -0.9997973E+00        0.4260529E-02       -0.9955368E+00
       -0.9996649E+00        0.4433291E-02       -0.9952316E+00
       -0.9994820E+00        0.5166886E-02       -0.9943151E+00
       -0.9992646E+00        0.3682415E-02       -0.9955822E+00
       -0.9990655E+00        0.3479201E-02       -0.9955863E+00
       -0.9990581E+00        0.6233718E-02       -0.9928244E+00
       -0.9989517E+00        0.5421454E-02       -0.9935302E+00
       -0.9988905E+00        0.3970951E-02       -0.9949196E+00
       -0.9989129E+00        0.4946395E-02       -0.9939665E+00
       -0.9989886E+00        0.5704808E-02       -0.9932838E+00
       -0.9990826E+00        0.3955429E-02       -0.9951272E+00
       -0.9992586E+00        0.4491821E-02       -0.9947668E+00
       -0.9993947E+00        0.3940000E-02       -0.9954547E+00
       -0.9995441E+00        0.4251050E-02       -0.9952931E+00
       -0.9996403E+00        0.3918486E-02       -0.9957218E+00
       -0.9997395E+00        0.7641978E-02       -0.9920975E+00
       -0.9998852E+00        0.5560882E-02       -0.9943243E+00
       -0.9999775E+00        0.5931213E-02       -0.9940463E+00
       -0.9999999E+00        0.7155891E-02       -0.9928440E+00
       -0.9999601E+00        0.6867549E-02       -0.9930925E+00
       -0.9998710E+00        0.6245022E-02       -0.9936260E+00
       -0.9997360E+00        0.6159852E-02       -0.9935761E+00
       -0.9994929E+00        0.6869151E-02       -0.9926237E+00
       -0.9992711E+00        0.4606247E-02       -0.9946648E+00
       -0.9990394E+00        0.5468293E-02       -0.9935711E+00
       -0.9999119E+00        0.2365429E-02       -0.9975464E+00
       -0.9997964E+00        0.2548180E-02       -0.9972482E+00
       -0.9996629E+00        0.1970193E-02       -0.9976928E+00
       -0.9995144E+00        0.1210660E-02       -0.9983037E+00
       -0.9993335E+00        0.1087516E-02       -0.9982460E+00
       -0.9991891E+00        0.3335808E-03       -0.9988556E+00
       -0.9990476E+00        0.7735372E-03       -0.9982741E+00
       -0.9989847E+00        0.7462184E-03       -0.9982385E+00
       -0.9990268E+00        0.4611256E-03       -0.9985657E+00
       -0.9990888E+00        0.1304166E-02       -0.9977846E+00
       -0.9977943E+00        0.1165441E-01       -0.9861398E+00
       -0.9975155E+00        0.1165836E-01       -0.9858571E+00
       -0.9974863E+00        0.1259279E-01       -0.9848935E+00
       -0.9974949E+00        0.1133727E-01       -0.9861577E+00
       -0.9976867E+00        0.1154531E-01       -0.9861414E+00
       -0.9979687E+00        0.1414930E-01       -0.9838194E+00
       -0.9983829E+00        0.1277205E-01       -0.9856109E+00
       -0.9988158E+00        0.1427158E-01       -0.9845442E+00
       -0.9992089E+00        0.1353289E-01       -0.9856760E+00
       -0.9994999E+00        0.1115364E-01       -0.9883462E+00
       -0.9976700E+00        0.6063908E-02       -0.9916060E+00
       -0.9971007E+00        0.3238871E-02       -0.9938618E+00
       -0.9965578E+00        0.2962696E-02       -0.9935951E+00
       -0.9960407E+00        0.2368593E-02       -0.9936721E+00
       -0.9954962E+00        0.1573361E-02       -0.9939228E+00
       -0.9952534E+00        0.1201531E-02       -0.9940518E+00
       -0.9950917E+00        0.1009364E-02       -0.9940824E+00
       -0.9951141E+00        0.2276147E-02       -0.9928380E+00
       -0.9952596E+00        0.2425449E-02       -0.9928341E+00
       -0.9955723E+00        0.3091133E-02       -0.9924812E+00
       -0.9996359E+00        0.7123082E-02       -0.9925128E+00
       -0.9995997E+00        0.8217062E-02       -0.9913826E+00
       -0.9995507E+00        0.7718520E-02       -0.9918321E+00
       -0.9994749E+00        0.1081767E-01       -0.9886573E+00
       -0.9993964E+00        0.1312837E-01       -0.9862681E+00
       -0.9993486E+00        0.1354737E-01       -0.9858012E+00
       -0.9993623E+00        0.1579022E-01       -0.9835721E+00
       -0.9993837E+00        0.1429269E-01       -0.9850910E+00
       -0.9993901E+00        0.1318414E-01       -0.9862059E+00
       -0.9994238E+00        0.1156294E-01       -0.9878608E+00
       -0.9962434E+00        0.9618445E-03       -0.9952816E+00
       -0.9965324E+00        0.9993073E-03       -0.9955331E+00
       -0.9968614E+00        0.1107818E-02       -0.9957535E+00
       -0.9972925E+00        0.1882847E-02       -0.9954096E+00
       -0.9978523E+00        0.3175897E-02       -0.9946764E+00
       -0.9984669E+00        0.3602597E-02       -0.9948643E+00
       -0.9990371E+00        0.4027426E-02       -0.9950097E+00
       -0.9994697E+00        0.4135472E-02       -0.9953342E+00
       -0.9997891E+00        0.4030168E-02       -0.9957589E+00
       -0.9999618E+00        0.3741792E-02       -0.9962200E+00
       -0.9998710E+00        0.2257622E-02       -0.9976133E+00
       -0.9998315E+00        0.2087010E-02       -0.9977445E+00
       -0.9997779E+00        0.2588773E-02       -0.9971892E+00
       -0.9996743E+00        0.3031613E-02       -0.9966427E+00
       -0.9995347E+00        0.3017348E-02       -0.9965174E+00
       -0.9993715E+00        0.3923218E-02       -0.9954483E+00
       -0.9992705E+00        0.2345968E-02       -0.9969245E+00
       -0.9991582E+00        0.3517444E-02       -0.9956408E+00
       -0.9990236E+00        0.3233598E-02       -0.9957900E+00
       -0.9988549E+00        0.3034464E-02       -0.9958204E+00
       -0.9998794E+00        0.1349826E-02       -0.9985296E+00
       -0.9998635E+00        0.1390125E-02       -0.9984733E+00
       -0.9998757E+00        0.9506814E-03       -0.9989250E+00
       -0.9998817E+00        0.1292110E-02       -0.9985896E+00
       -0.9998674E+00        0.5443299E-03       -0.9993231E+00
       -0.9998637E+00        0.1232685E-02       -0.9986310E+00
       -0.9998731E+00        0.1580117E-02       -0.9982930E+00
       -0.9999005E+00        0.1434746E-02       -0.9984658E+00
       -0.9999432E+00        0.9860112E-03       -0.9989572E+00
       -0.9999736E+00        0.1475509E-02       -0.9984981E+00
       -0.9994331E+00        0.2287291E-02       -0.9971458E+00
       -0.9994735E+00        0.2645670E-02       -0.9968279E+00
       -0.9995496E+00        0.3229871E-02       -0.9963197E+00
       -0.9996223E+00        0.3351531E-02       -0.9962708E+00
       -0.9997055E+00        0.2041469E-02       -0.9976640E+00
       -0.9997527E+00        0.2096746E-02       -0.9976559E+00
       -0.9997778E+00        0.1311618E-02       -0.9984662E+00
       -0.9998281E+00        0.1275321E-02       -0.9985528E+00
       -0.9999024E+00        0.1035395E-02       -0.9988670E+00
       -0.9999561E+00        0.1040621E-02       -0.9989155E+00
       -0.9999981E+00        0.7955942E-02       -0.9920422E+00
       -0.9999931E+00        0.7481039E-02       -0.9925120E+00
       -0.9999850E+00        0.7614641E-02       -0.9923704E+00
       -0.9999661E+00        0.6252884E-02       -0.9937132E+00
       -0.9999315E+00        0.5526805E-02       -0.9944047E+00
       -0.9998922E+00        0.4048753E-02       -0.9958435E+00
       -0.9998520E+00        0.5754200E-02       -0.9940978E+00
       -0.9998121E+00        0.5301612E-02       -0.9945105E+00
       -0.9997570E+00        0.5681166E-02       -0.9940759E+00
       -0.9996900E+00        0.4790038E-02       -0.9948999E+00
       -0.9980112E+00        0.2561090E-02       -0.9954501E+00
       -0.9984393E+00        0.2489910E-02       -0.9959494E+00
       -0.9988182E+00        0.3733739E-02       -0.9950845E+00
       -0.9992399E+00        0.5701165E-02       -0.9935387E+00
       -0.9995715E+00        0.5297747E-02       -0.9942738E+00
       -0.9998469E+00        0.5415016E-02       -0.9944319E+00
       -0.9999851E+00        0.5592848E-02       -0.9943923E+00
       -0.9999831E+00        0.5131984E-02       -0.9948511E+00
       -0.9998938E+00        0.4035431E-02       -0.9958584E+00
       -0.9997630E+00        0.3378252E-02       -0.9963847E+00
       -0.9992038E+00        0.5287798E-02       -0.9939160E+00
       -0.9992624E+00        0.4138747E-02       -0.9951237E+00
       -0.9994190E+00        0.3364869E-02       -0.9960542E+00
       -0.9995768E+00        0.2740881E-02       -0.9968359E+00
       -0.9997594E+00        0.2723192E-02       -0.9970362E+00
       -0.9999061E+00        0.2569133E-02       -0.9973369E+00
       -0.9999829E+00        0.1361058E-02       -0.9986218E+00
       -0.9999998E+00        0.1323121E-02       -0.9986767E+00
       -0.9999800E+00        0.1896569E-02       -0.9980834E+00
       -0.9998958E+00        0.3032571E-02       -0.9968632E+00
       -0.9998619E+00        0.1423681E-01       -0.9856251E+00
       -0.9998052E+00        0.1356974E-01       -0.9862355E+00
       -0.9997072E+00        0.1511533E-01       -0.9845919E+00
       -0.9995814E+00        0.1344189E-01       -0.9861396E+00
       -0.9994443E+00        0.1242959E-01       -0.9870147E+00
       -0.9993441E+00        0.1446967E-01       -0.9848744E+00
       -0.9993133E+00        0.1280590E-01       -0.9865074E+00
       -0.9992293E+00        0.1220299E-01       -0.9870263E+00
       -0.9991159E+00        0.9234227E-02       -0.9898816E+00
       -0.9990537E+00        0.7459316E-02       -0.9915944E+00
       -0.9998253E+00        0.8782652E-03       -0.9989470E+00
       -0.9997539E+00        0.5246870E-03       -0.9992292E+00
       -0.9997179E+00        0.4787863E-03       -0.9992392E+00
       -0.9996852E+00        0.2124466E-03       -0.9994727E+00
       -0.9996708E+00        0.4544534E-03       -0.9992164E+00
       -0.9996821E+00        0.3289272E-03       -0.9993532E+00
       -0.9997184E+00        0.5573519E-03       -0.9991611E+00
       -0.9997467E+00        0.4444617E-03       -0.9993022E+00
       -0.9997624E+00        0.2232003E-03       -0.9995392E+00
       -0.9997651E+00        0.3379616E-03       -0.9994271E+00
       -0.9965121E+00        0.5633081E-03       -0.9959488E+00
       -0.9966044E+00        0.3436265E-03       -0.9962608E+00
       -0.9967282E+00        0.2931788E-03       -0.9964350E+00
       -0.9968848E+00        0.2033236E-03       -0.9966815E+00
       -0.9971080E+00        0.9249113E-03       -0.9961831E+00
       -0.9975235E+00        0.1749267E-02       -0.9957742E+00
       -0.9980213E+00        0.2368971E-02       -0.9956524E+00
       -0.9984925E+00        0.3239387E-02       -0.9952531E+00
       -0.9988604E+00        0.2202159E-02       -0.9966583E+00
       -0.9991855E+00        0.2785454E-02       -0.9964001E+00
       -0.9987856E+00        0.2004419E-02       -0.9967812E+00
       -0.9985778E+00        0.1975980E-02       -0.9966018E+00
       -0.9984857E+00        0.1259891E-02       -0.9972258E+00
       -0.9984237E+00        0.2069480E-02       -0.9963542E+00
       -0.9983678E+00        0.1624382E-02       -0.9967434E+00
       -0.9982632E+00        0.2018373E-02       -0.9962448E+00
       -0.9982097E+00        0.2125343E-02       -0.9960843E+00
       -0.9982390E+00        0.2503844E-02       -0.9957351E+00
       -0.9982825E+00        0.2493920E-02       -0.9957886E+00
       -0.9983960E+00        0.2276443E-02       -0.9961196E+00
       -0.9967061E+00        0.1346856E-01       -0.9832376E+00
       -0.9982999E+00        0.1630995E-01       -0.9819900E+00
       -0.9993688E+00        0.1712034E-01       -0.9822484E+00
       -0.9999079E+00        0.1695631E-01       -0.9829515E+00
       -0.9999390E+00        0.1963440E-01       -0.9803046E+00
       -0.9993876E+00        0.1469651E-01       -0.9846911E+00
       -0.9984165E+00        0.1401758E-01       -0.9843989E+00
       -0.9973008E+00        0.7908769E-02       -0.9893920E+00
       -0.9961656E+00        0.7532869E-02       -0.9886327E+00
       -0.9949905E+00        0.7127785E-02       -0.9878627E+00
       -0.9938725E+00        0.5257308E-02       -0.9886152E+00
       -0.9928014E+00        0.4104102E-02       -0.9886973E+00
       -0.9918484E+00        0.3182546E-02       -0.9886659E+00
       -0.9910541E+00        0.1896646E-02       -0.9891575E+00
       -0.9904067E+00        0.9869782E-03       -0.9894198E+00
       -0.9898732E+00        0.3357748E-03       -0.9895374E+00
       -0.9897140E+00        0.4749767E-03       -0.9892390E+00
       -0.9900557E+00        0.1615980E-02       -0.9884397E+00
       -0.9906657E+00        0.2167080E-02       -0.9884986E+00
       -0.9913637E+00        0.3083935E-02       -0.9882798E+00
       -0.9995729E+00        0.2248667E-02       -0.9973242E+00
       -0.9996535E+00        0.3386573E-02       -0.9962669E+00
       -0.9997712E+00        0.4338362E-02       -0.9954328E+00
       -0.9998876E+00        0.7471291E-02       -0.9924163E+00
       -0.9999782E+00        0.7357353E-02       -0.9926208E+00
       -0.9999997E+00        0.8273163E-02       -0.9917265E+00
       -0.9999495E+00        0.9795364E-02       -0.9901541E+00
       -0.9998199E+00        0.9127434E-02       -0.9906924E+00
       -0.9996115E+00        0.9252738E-02       -0.9903587E+00
       -0.9993803E+00        0.6155216E-02       -0.9932251E+00
       -0.9988201E+00        0.1377546E-02       -0.9974425E+00
       -0.9989273E+00        0.1249167E-02       -0.9976781E+00
       -0.9990477E+00        0.1246310E-02       -0.9978014E+00
       -0.9992319E+00        0.2004370E-02       -0.9972276E+00
       -0.9994649E+00        0.1885494E-02       -0.9975794E+00
       -0.9996648E+00        0.2466470E-02       -0.9971984E+00
       -0.9998072E+00        0.2046526E-02       -0.9977607E+00
       -0.9999212E+00        0.2380943E-02       -0.9975402E+00
       -0.9999894E+00        0.1841711E-02       -0.9981477E+00
       -0.9999939E+00        0.2085028E-02       -0.9979089E+00
       -0.9994815E+00        0.3118421E-02       -0.9963631E+00
       -0.9992951E+00        0.2002805E-02       -0.9972923E+00
       -0.9990779E+00        0.1983829E-02       -0.9970941E+00
       -0.9988753E+00        0.1830827E-02       -0.9970445E+00
       -0.9987568E+00        0.1801337E-02       -0.9969555E+00
       -0.9987220E+00        0.2020327E-02       -0.9967017E+00
       -0.9988610E+00        0.2204146E-02       -0.9966569E+00
       -0.9990234E+00        0.3426762E-02       -0.9955966E+00
       -0.9991311E+00        0.2754618E-02       -0.9963765E+00
       -0.9992766E+00        0.2104511E-02       -0.9971721E+00
       -0.9997628E+00        0.9212482E-02       -0.9905503E+00
       -0.9994810E+00        0.7537061E-02       -0.9919439E+00
       -0.9991458E+00        0.5506572E-02       -0.9936392E+00
       -0.9987552E+00        0.5860211E-02       -0.9928950E+00
       -0.9982782E+00        0.5108838E-02       -0.9931694E+00
       -0.9978361E+00        0.4933991E-02       -0.9929021E+00
       -0.9975597E+00        0.4800785E-02       -0.9927589E+00
       -0.9974080E+00        0.4093211E-02       -0.9933147E+00
       -0.9973704E+00        0.4641096E-02       -0.9927293E+00
       -0.9974523E+00        0.6183745E-02       -0.9912685E+00
       -0.9940642E+00        0.2707144E-02       -0.9913570E+00
       -0.9940639E+00        0.9999221E-03       -0.9930639E+00
       -0.9944108E+00        0.1112733E-02       -0.9932981E+00
       -0.9947046E+00        0.7714884E-03       -0.9939331E+00
       -0.9949581E+00        0.1429542E-02       -0.9935285E+00
       -0.9952110E+00        0.1186418E-02       -0.9940246E+00
       -0.9955553E+00        0.1015410E-02       -0.9945399E+00
       -0.9959489E+00        0.1255314E-02       -0.9946936E+00
       -0.9964341E+00        0.2197256E-02       -0.9942368E+00
       -0.9970003E+00        0.2320899E-02       -0.9946794E+00
       -0.9987977E+00        0.1569363E-02       -0.9972283E+00
       -0.9984826E+00        0.1116172E-02       -0.9973665E+00
       -0.9981419E+00        0.1325553E-02       -0.9968164E+00
       -0.9978269E+00        0.9887191E-03       -0.9968382E+00
       -0.9974014E+00        0.1078264E-02       -0.9963231E+00
       -0.9971107E+00        0.4880580E-03       -0.9966227E+00
       -0.9969015E+00        0.3571596E-03       -0.9965444E+00
       -0.9967169E+00        0.3216998E-03       -0.9963952E+00
       -0.9964904E+00        0.6161531E-03       -0.9958743E+00
       -0.9965047E+00        0.1058390E-02       -0.9954463E+00
       -0.9971435E+00        0.3144825E-02       -0.9939987E+00
       -0.9971914E+00        0.3375716E-02       -0.9938156E+00
       -0.9972439E+00        0.3869576E-02       -0.9933744E+00
       -0.9973428E+00        0.3791168E-02       -0.9935517E+00
       -0.9976089E+00        0.3260499E-02       -0.9943484E+00
       -0.9980165E+00        0.5220587E-02       -0.9927960E+00
       -0.9986116E+00        0.7998500E-02       -0.9906131E+00
       -0.9992478E+00        0.1158755E-01       -0.9876602E+00
       -0.9997227E+00        0.1258423E-01       -0.9871385E+00
       -0.9999786E+00        0.1472780E-01       -0.9852508E+00
       -0.9978233E+00        0.2575151E-02       -0.9952482E+00
       -0.9981139E+00        0.1775916E-02       -0.9963379E+00
       -0.9983621E+00        0.1772384E-02       -0.9965897E+00
       -0.9986080E+00        0.1144347E-02       -0.9974637E+00
       -0.9988960E+00        0.1332647E-02       -0.9975634E+00
       -0.9990403E+00        0.6321723E-03       -0.9984081E+00
       -0.9991678E+00        0.7628481E-03       -0.9984050E+00
       -0.9992726E+00        0.8877647E-03       -0.9983848E+00
       -0.9993520E+00        0.7427117E-03       -0.9986093E+00
       -0.9994450E+00        0.7223439E-03       -0.9987226E+00
       -0.9999832E+00        0.1822213E-02       -0.9981610E+00
       -0.9999964E+00        0.2126827E-02       -0.9978695E+00
       -0.9999976E+00        0.1741876E-02       -0.9982557E+00
       -0.9999705E+00        0.2658832E-02       -0.9973116E+00
       -0.9999067E+00        0.2002736E-02       -0.9979039E+00
       -0.9998241E+00        0.2962550E-02       -0.9968616E+00
       -0.9996667E+00        0.2793917E-02       -0.9968727E+00
       -0.9995658E+00        0.2315856E-02       -0.9972500E+00
       -0.9995078E+00        0.1695913E-02       -0.9978119E+00
       -0.9993866E+00        0.2306177E-02       -0.9970805E+00
       -0.9987456E+00        0.1749859E-01       -0.9812470E+00
       -0.9994764E+00        0.1995146E-01       -0.9795250E+00
       -0.9999043E+00        0.2054766E-01       -0.9793566E+00
       -0.9999888E+00        0.2113548E-01       -0.9788534E+00
       -0.9997298E+00        0.2099855E-01       -0.9787313E+00
       -0.9991213E+00        0.1861883E-01       -0.9805025E+00
       -0.9981810E+00        0.1615176E-01       -0.9820292E+00
       -0.9970673E+00        0.1319568E-01       -0.9838716E+00
       -0.9958764E+00        0.1332306E-01       -0.9825534E+00
       -0.9945810E+00        0.1585584E-01       -0.9787252E+00
       -0.9997979E+00        0.3698940E-02       -0.9960990E+00
       -0.9995999E+00        0.4398185E-02       -0.9952018E+00
       -0.9993771E+00        0.2135639E-02       -0.9972415E+00
       -0.9992425E+00        0.1032674E-02       -0.9982098E+00
       -0.9991816E+00        0.7284077E-03       -0.9984532E+00
       -0.9991541E+00        0.3651575E-03       -0.9987890E+00
       -0.9991282E+00        0.8365669E-04       -0.9990445E+00
       -0.9991790E+00        0.2446127E-03       -0.9989344E+00
       -0.9992833E+00        0.1150669E-02       -0.9981326E+00
       -0.9994547E+00        0.2028923E-02       -0.9974258E+00
       -0.9992121E+00        0.1646321E-02       -0.9975657E+00
       -0.9989407E+00        0.1149121E-02       -0.9977915E+00
       -0.9986289E+00        0.1133681E-02       -0.9974952E+00
       -0.9982847E+00        0.1177236E-02       -0.9971075E+00
       -0.9979240E+00        0.9149958E-03       -0.9970090E+00
       -0.9976388E+00        0.7065963E-03       -0.9969322E+00
       -0.9972962E+00        0.5253670E-03       -0.9967708E+00
       -0.9970562E+00        0.3260922E-03       -0.9967302E+00
       -0.9969717E+00        0.1884591E-03       -0.9967833E+00
       -0.9969574E+00        0.1562151E-03       -0.9968012E+00
       -0.9991538E+00        0.4753033E-02       -0.9944007E+00
       -0.9991061E+00        0.4967481E-02       -0.9941386E+00
       -0.9990489E+00        0.7081181E-02       -0.9919678E+00
       -0.9989522E+00        0.7402076E-02       -0.9915501E+00
       -0.9987631E+00        0.8531365E-02       -0.9902317E+00
       -0.9985698E+00        0.6905457E-02       -0.9916644E+00
       -0.9984184E+00        0.7697257E-02       -0.9907212E+00
       -0.9984120E+00        0.9619416E-02       -0.9887926E+00
       -0.9985126E+00        0.7100573E-02       -0.9914121E+00
       -0.9985947E+00        0.8963100E-02       -0.9896316E+00
       -0.9964040E+00        0.1889709E-02       -0.9945143E+00
       -0.9967871E+00        0.2226145E-02       -0.9945610E+00
       -0.9973248E+00        0.3973037E-02       -0.9933518E+00
       -0.9979641E+00        0.4884112E-02       -0.9930799E+00
       -0.9985902E+00        0.5406271E-02       -0.9931839E+00
       -0.9991079E+00        0.5291762E-02       -0.9938161E+00
       -0.9995404E+00        0.6179217E-02       -0.9933612E+00
       -0.9998591E+00        0.7625143E-02       -0.9922339E+00
       -0.9999972E+00        0.7586459E-02       -0.9924107E+00
       -0.9999594E+00        0.5857973E-02       -0.9941014E+00
       -0.9998886E+00        0.1023963E-01       -0.9896490E+00
       -0.9999993E+00        0.8846058E-02       -0.9911532E+00
       -0.9998459E+00        0.1180403E-01       -0.9880419E+00
       -0.9993967E+00        0.1293690E-01       -0.9864598E+00
       -0.9986307E+00        0.1128077E-01       -0.9873500E+00
       -0.9976264E+00        0.8464849E-02       -0.9891615E+00
       -0.9967010E+00        0.6869302E-02       -0.9898317E+00
       -0.9960825E+00        0.4781585E-02       -0.9913009E+00
       -0.9956284E+00        0.5445711E-02       -0.9901827E+00
       -0.9952070E+00        0.5197582E-02       -0.9900095E+00
       -0.9989075E+00        0.6167534E-02       -0.9927400E+00
       -0.9985889E+00        0.6520629E-02       -0.9920683E+00
       -0.9982841E+00        0.6831386E-02       -0.9914527E+00
       -0.9980356E+00        0.6346729E-02       -0.9916889E+00
       -0.9979670E+00        0.5803058E-02       -0.9921639E+00
       -0.9979238E+00        0.5321604E-02       -0.9926021E+00
       -0.9979711E+00        0.4977386E-02       -0.9929937E+00
       -0.9981085E+00        0.6416861E-02       -0.9916916E+00
       -0.9982457E+00        0.4091114E-02       -0.9941546E+00
       -0.9983599E+00        0.2909487E-02       -0.9954504E+00
       -0.9986422E+00        0.1079269E-02       -0.9975629E+00
       -0.9984756E+00        0.1559928E-02       -0.9969157E+00
       -0.9984593E+00        0.1308127E-02       -0.9971512E+00
       -0.9984839E+00        0.1800561E-02       -0.9966833E+00
       -0.9984392E+00        0.1283627E-02       -0.9971556E+00
       -0.9984009E+00        0.1464310E-02       -0.9969366E+00
       -0.9983999E+00        0.1307647E-02       -0.9970923E+00
       -0.9985510E+00        0.1815333E-02       -0.9967357E+00
       -0.9988619E+00        0.3572073E-02       -0.9952899E+00
       -0.9992094E+00        0.3602091E-02       -0.9956073E+00
       -0.9988227E+00        0.9190824E-03       -0.9979036E+00
       -0.9985620E+00        0.1237799E-02       -0.9973242E+00
       -0.9982659E+00        0.9938802E-03       -0.9972721E+00
       -0.9980945E+00        0.2839743E-03       -0.9978106E+00
       -0.9979783E+00        0.1746417E-03       -0.9978036E+00
       -0.9978267E+00        0.1346933E-03       -0.9976920E+00
       -0.9977458E+00        0.1336368E-03       -0.9976122E+00
       -0.9976415E+00        0.1986691E-03       -0.9974429E+00
       -0.9975348E+00        0.1703488E-03       -0.9973645E+00
       -0.9975439E+00        0.2927020E-03       -0.9972512E+00
       -0.9998262E+00        0.1425363E-02       -0.9984008E+00
       -0.9998695E+00        0.4957359E-03       -0.9993738E+00
       -0.9998895E+00        0.5568562E-04       -0.9998338E+00
       -0.9998970E+00        0.3162400E-03       -0.9995807E+00
       -0.9999246E+00        0.2147710E-03       -0.9997098E+00
       -0.9999524E+00        0.2509503E-03       -0.9997015E+00
       -0.9999816E+00        0.1086201E-02       -0.9988954E+00
       -0.1000000E+01        0.2084576E-02       -0.9979154E+00
       -0.9999848E+00        0.2098744E-02       -0.9978860E+00
       -0.9999533E+00        0.2720796E-02       -0.9972326E+00
       -0.9986883E+00        0.6801846E-02       -0.9918864E+00
       -0.9990911E+00        0.7760103E-02       -0.9913310E+00
       -0.9994790E+00        0.5956435E-02       -0.9935225E+00
       -0.9997865E+00        0.8138910E-02       -0.9916476E+00
       -0.9999541E+00        0.6332893E-02       -0.9936212E+00
       -0.1000000E+01        0.6274432E-02       -0.9937255E+00
       -0.9999680E+00        0.6137515E-02       -0.9938304E+00
       -0.9999141E+00        0.6560710E-02       -0.9933534E+00
       -0.9998786E+00        0.6729806E-02       -0.9931488E+00
       -0.9998200E+00        0.6862106E-02       -0.9929579E+00
       -0.9990280E+00        0.6570650E-02       -0.9924573E+00
       -0.9990489E+00        0.6182673E-02       -0.9928662E+00
       -0.9990979E+00        0.6176107E-02       -0.9929218E+00
       -0.9991100E+00        0.5785559E-02       -0.9933245E+00
       -0.9991212E+00        0.5685931E-02       -0.9934353E+00
       -0.9992244E+00        0.4959638E-02       -0.9942648E+00
       -0.9993356E+00        0.3588410E-02       -0.9957472E+00
       -0.9994652E+00        0.5154411E-02       -0.9943108E+00
       -0.9996329E+00        0.6579063E-02       -0.9930538E+00
       -0.9997765E+00        0.4424048E-02       -0.9953524E+00
       -0.9976660E+00        0.2519481E-02       -0.9951465E+00
       -0.9971816E+00        0.1938641E-02       -0.9952430E+00
       -0.9967963E+00        0.1344248E-02       -0.9954521E+00
       -0.9966814E+00        0.4609095E-03       -0.9962205E+00
       -0.9968058E+00        0.4322309E-03       -0.9963736E+00
       -0.9970896E+00        0.9807956E-03       -0.9961088E+00
       -0.9974478E+00        0.1909602E-02       -0.9955382E+00
       -0.9978963E+00        0.3831336E-02       -0.9940650E+00
       -0.9984077E+00        0.5124494E-02       -0.9932832E+00
       -0.9990177E+00        0.6014567E-02       -0.9930031E+00
       -0.9999797E+00        0.3084844E-02       -0.9968948E+00
       -0.9999966E+00        0.3671534E-02       -0.9963251E+00
       -0.9999293E+00        0.2888616E-02       -0.9970406E+00
       -0.9997878E+00        0.1406817E-02       -0.9983810E+00
       -0.9996536E+00        0.1172728E-02       -0.9984809E+00
       -0.9995351E+00        0.1491806E-02       -0.9980433E+00
       -0.9993900E+00        0.2156580E-02       -0.9972334E+00
       -0.9992622E+00        0.2314679E-02       -0.9969475E+00
       -0.9990951E+00        0.3118718E-02       -0.9959763E+00
       -0.9989036E+00        0.1329454E-02       -0.9975742E+00
       -0.9986692E+00        0.3551143E-02       -0.9951180E+00
       -0.9983510E+00        0.4668243E-02       -0.9936828E+00
       -0.9981050E+00        0.2988876E-02       -0.9951161E+00
       -0.9979531E+00        0.2887270E-02       -0.9950659E+00
       -0.9978252E+00        0.2295901E-02       -0.9955293E+00
       -0.9976891E+00        0.3334231E-02       -0.9943549E+00
       -0.9975452E+00        0.3396266E-02       -0.9941489E+00
       -0.9974493E+00        0.4617452E-02       -0.9928318E+00
       -0.9974025E+00        0.3276196E-02       -0.9941263E+00
       -0.9975229E+00        0.5218760E-02       -0.9923041E+00
       -0.9997257E+00        0.9048387E-02       -0.9906773E+00
       -0.9996940E+00        0.9068327E-02       -0.9906257E+00
       -0.9996932E+00        0.1060005E-01       -0.9890932E+00
       -0.9996919E+00        0.9070809E-02       -0.9906211E+00
       -0.9996942E+00        0.1002432E-01       -0.9896698E+00
       -0.9996924E+00        0.8583727E-02       -0.9911087E+00
       -0.9996697E+00        0.7605955E-02       -0.9920638E+00
       -0.9996051E+00        0.9222018E-02       -0.9903831E+00
       -0.9994877E+00        0.8342391E-02       -0.9911453E+00
       -0.9993628E+00        0.7326440E-02       -0.9920363E+00
       -0.9999712E+00        0.2132916E-02       -0.9978382E+00
       -0.9999154E+00        0.1578294E-02       -0.9983371E+00
       -0.9998635E+00        0.1661322E-02       -0.9982022E+00
       -0.9998081E+00        0.2592737E-03       -0.9995488E+00
       -0.9997776E+00        0.4456434E-03       -0.9993319E+00
       -0.9997258E+00        0.4110490E-03       -0.9993147E+00
       -0.9997405E+00        0.2612043E-03       -0.9994793E+00
       -0.9997504E+00        0.7237081E-04       -0.9996780E+00
       -0.9997904E+00        0.1824240E-03       -0.9996080E+00
       -0.9998361E+00        0.2288678E-03       -0.9996072E+00
       -0.9974530E+00        0.2791512E-02       -0.9946615E+00
       -0.9978617E+00        0.2898517E-02       -0.9949632E+00
       -0.9982392E+00        0.3796643E-02       -0.9944425E+00
       -0.9985131E+00        0.3226151E-02       -0.9952869E+00
       -0.9987500E+00        0.4093680E-02       -0.9946564E+00
       -0.9988712E+00        0.3551090E-02       -0.9953201E+00
       -0.9990610E+00        0.3065521E-02       -0.9959955E+00
       -0.9992681E+00        0.3968624E-02       -0.9952995E+00
       -0.9995154E+00        0.4437640E-02       -0.9950778E+00
       -0.9997280E+00        0.6278178E-02       -0.9934498E+00
       -0.9998131E+00        0.8616748E-03       -0.9989514E+00
       -0.9998320E+00        0.1232362E-02       -0.9985996E+00
       -0.9998551E+00        0.8092157E-03       -0.9990459E+00
       -0.9998717E+00        0.9389873E-03       -0.9989327E+00
       -0.9999083E+00        0.1054976E-02       -0.9988534E+00
       -0.9999545E+00        0.1073484E-02       -0.9988810E+00
       -0.9999778E+00        0.4945293E-03       -0.9994833E+00
       -0.9999930E+00        0.9738228E-03       -0.9990191E+00
       -0.9999997E+00        0.9245677E-03       -0.9990751E+00
       -0.9999981E+00        0.5397892E-03       -0.9994583E+00
       -0.9958697E+00        0.9210965E-02       -0.9866587E+00
       -0.9968659E+00        0.7164473E-02       -0.9897014E+00
       -0.9978664E+00        0.9397551E-02       -0.9884688E+00
       -0.9988206E+00        0.9742580E-02       -0.9890780E+00
       -0.9994972E+00        0.9939962E-02       -0.9895572E+00
       -0.9999227E+00        0.1142846E-01       -0.9884943E+00
       -0.9999850E+00        0.1005026E-01       -0.9899347E+00
       -0.9997665E+00        0.8800658E-02       -0.9909659E+00
       -0.9993107E+00        0.7690559E-02       -0.9916201E+00
       -0.9986548E+00        0.8798473E-02       -0.9898563E+00
       -0.9971995E+00        0.2933939E-02       -0.9942655E+00
       -0.9975750E+00        0.4737682E-02       -0.9928373E+00
       -0.9981019E+00        0.4003086E-02       -0.9940988E+00
       -0.9986156E+00        0.4434359E-02       -0.9941813E+00
       -0.9991248E+00        0.5531734E-02       -0.9935931E+00
       -0.9995352E+00        0.4564336E-02       -0.9949709E+00
       -0.9997923E+00        0.3712882E-02       -0.9960794E+00
       -0.9999426E+00        0.3737665E-02       -0.9962049E+00
       -0.9999999E+00        0.4864695E-02       -0.9951352E+00
       -0.9999588E+00        0.3075150E-02       -0.9968836E+00
       -0.9998574E+00        0.2480025E-02       -0.9973774E+00
       -0.9997494E+00        0.1440793E-02       -0.9983086E+00
       -0.9996240E+00        0.1889719E-02       -0.9977343E+00
       -0.9995056E+00        0.2012807E-02       -0.9974928E+00
       -0.9994234E+00        0.2378638E-02       -0.9970448E+00
       -0.9993442E+00        0.3927996E-02       -0.9954162E+00
       -0.9993891E+00        0.4030186E-02       -0.9953589E+00
       -0.9995156E+00        0.4350085E-02       -0.9951655E+00
       -0.9996657E+00        0.4324127E-02       -0.9953415E+00
       -0.9998212E+00        0.4029568E-02       -0.9957916E+00
       -0.9997140E+00        0.3200484E-02       -0.9965136E+00
       -0.9993847E+00        0.3658898E-02       -0.9957258E+00
       -0.9989399E+00        0.3271395E-02       -0.9956685E+00
       -0.9984509E+00        0.2850954E-02       -0.9955999E+00
       -0.9979452E+00        0.1834154E-02       -0.9961110E+00
       -0.9974695E+00        0.2726954E-02       -0.9947425E+00
       -0.9969294E+00        0.2484500E-02       -0.9944449E+00
       -0.9963457E+00        0.2092791E-02       -0.9942529E+00
       -0.9959196E+00        0.1799753E-02       -0.9941198E+00
       -0.9956634E+00        0.1431834E-02       -0.9942316E+00
       -0.9996141E+00        0.5326186E-02       -0.9942879E+00
       -0.9995877E+00        0.5743771E-02       -0.9938439E+00
       -0.9995936E+00        0.6756138E-02       -0.9928374E+00
       -0.9996026E+00        0.7101186E-02       -0.9925014E+00
       -0.9995881E+00        0.7117924E-02       -0.9924701E+00
       -0.9996064E+00        0.7627838E-02       -0.9919785E+00
       -0.9996981E+00        0.7196537E-02       -0.9925015E+00
       -0.9997699E+00        0.6883899E-02       -0.9928860E+00
       -0.9998463E+00        0.6320559E-02       -0.9935257E+00
       -0.9999180E+00        0.7386780E-02       -0.9925312E+00
       -0.9995636E+00        0.1678781E-02       -0.9978848E+00
       -0.9996165E+00        0.1224434E-02       -0.9983921E+00
       -0.9996965E+00        0.1893169E-02       -0.9978033E+00
       -0.9997889E+00        0.1703428E-02       -0.9980855E+00
       -0.9998874E+00        0.1672781E-02       -0.9982146E+00
       -0.9999507E+00        0.1556509E-02       -0.9983942E+00
       -0.9999844E+00        0.2062492E-02       -0.9979219E+00
       -0.9999985E+00        0.1901276E-02       -0.9980972E+00
       -0.9999976E+00        0.1776364E-02       -0.9982212E+00
       -0.9999797E+00        0.1898080E-02       -0.9980816E+00
       -0.9945994E+00        0.5893533E-02       -0.9887059E+00
       -0.9930346E+00        0.3727421E-02       -0.9893072E+00
       -0.9914671E+00        0.2707329E-02       -0.9887598E+00
       -0.9903997E+00        0.5253655E-03       -0.9898744E+00
       -0.9901659E+00        0.2146867E-03       -0.9899512E+00
       -0.9904818E+00        0.1220069E-02       -0.9892617E+00
       -0.9914241E+00        0.2184692E-02       -0.9892394E+00
       -0.9926665E+00        0.3741591E-02       -0.9889249E+00
       -0.9941955E+00        0.5743409E-02       -0.9884521E+00
       -0.9957470E+00        0.7631310E-02       -0.9881156E+00
       -0.9971915E+00        0.9276257E-02       -0.9879152E+00
       -0.9984326E+00        0.1035685E-01       -0.9880758E+00
       -0.9993501E+00        0.1197286E-01       -0.9873773E+00
       -0.9998660E+00        0.8657406E-02       -0.9912086E+00
       -0.9999997E+00        0.7764439E-02       -0.9922353E+00
       -0.9998524E+00        0.7908199E-02       -0.9919442E+00
       -0.9994393E+00        0.7899869E-02       -0.9915394E+00
       -0.9988416E+00        0.5497930E-02       -0.9933436E+00
       -0.9982191E+00        0.4767414E-02       -0.9934517E+00
       -0.9975105E+00        0.4127977E-02       -0.9933825E+00
       -0.9968165E+00        0.3951897E-02       -0.9928646E+00
       -0.9961686E+00        0.3938409E-02       -0.9922302E+00
       -0.9957287E+00        0.2436388E-02       -0.9932923E+00
       -0.9955122E+00        0.1963900E-02       -0.9935483E+00
       -0.9954832E+00        0.1702655E-02       -0.9937806E+00
       -0.9956235E+00        0.1435423E-02       -0.9941881E+00
       -0.9959185E+00        0.8961759E-03       -0.9950223E+00
       -0.9962817E+00        0.1801580E-02       -0.9944802E+00
       -0.9967905E+00        0.1727337E-02       -0.9950631E+00
       -0.9973601E+00        0.2564922E-02       -0.9947952E+00
       -0.9980077E+00        0.4347201E-02       -0.9936605E+00
       -0.9987049E+00        0.4978795E-02       -0.9937261E+00
       -0.9992767E+00        0.4611812E-02       -0.9946649E+00
       -0.9996810E+00        0.4481142E-02       -0.9951998E+00
       -0.9999132E+00        0.3647702E-02       -0.9962655E+00
       -0.9999976E+00        0.2787393E-02       -0.9972102E+00
       -0.9999727E+00        0.2977707E-02       -0.9969950E+00
       -0.9998592E+00        0.3946196E-02       -0.9959131E+00
       -0.9997056E+00        0.3124905E-02       -0.9965807E+00
       -0.9995638E+00        0.3011802E-02       -0.9965520E+00
       -0.9983039E+00        0.7632771E-03       -0.9975406E+00
       -0.9985074E+00        0.7362474E-03       -0.9977711E+00
       -0.9986514E+00        0.6529574E-03       -0.9979985E+00
       -0.9988573E+00        0.6401159E-03       -0.9982172E+00
       -0.9990279E+00        0.7777328E-03       -0.9982502E+00
       -0.9992587E+00        0.1129006E-02       -0.9981297E+00
       -0.9994448E+00        0.1577165E-02       -0.9978676E+00
       -0.9996279E+00        0.1601632E-02       -0.9980262E+00
       -0.9997745E+00        0.1994799E-02       -0.9977797E+00
       -0.9999043E+00        0.2659205E-02       -0.9972451E+00
       -0.9992887E+00        0.3164213E-04       -0.9992571E+00
       -0.9992674E+00        0.4286344E-04       -0.9992245E+00
       -0.9992320E+00        0.1475030E-03       -0.9990845E+00
       -0.9991269E+00        0.6335554E-03       -0.9984934E+00
       -0.9990607E+00        0.1100425E-02       -0.9979603E+00
       -0.9989699E+00        0.1119477E-02       -0.9978504E+00
       -0.9990163E+00        0.1526666E-02       -0.9974896E+00
       -0.9991236E+00        0.1907181E-02       -0.9972164E+00
       -0.9993482E+00        0.2739086E-02       -0.9966091E+00
       -0.9995799E+00        0.3630606E-02       -0.9959493E+00
       -0.9996852E+00        0.1020184E-01       -0.9894834E+00
       -0.9998018E+00        0.6997877E-02       -0.9928040E+00
       -0.9998649E+00        0.7823245E-02       -0.9920416E+00
       -0.9999156E+00        0.6578173E-02       -0.9933374E+00
       -0.9999441E+00        0.6881237E-02       -0.9930629E+00
       -0.9999832E+00        0.6182919E-02       -0.9938003E+00
       -0.9999999E+00        0.6447499E-02       -0.9935524E+00
       -0.9999784E+00        0.5370678E-02       -0.9946077E+00
       -0.9999192E+00        0.6555593E-02       -0.9933636E+00
       -0.9998246E+00        0.6979430E-02       -0.9928452E+00
