       -0.9909284E+00        0.1060277E+00       -0.8849007E+00
       -0.9827281E+00        0.9226625E-01       -0.8904618E+00
       -0.9733536E+00        0.8415256E-01       -0.8892010E+00
       -0.9637509E+00        0.6322662E-01       -0.9005243E+00
       -0.9546820E+00        0.5004664E-01       -0.9046354E+00
       -0.9459114E+00        0.4458083E-01       -0.9013306E+00
       -0.9376240E+00        0.3241937E-01       -0.9052046E+00
       -0.9307312E+00        0.2593986E-01       -0.9047914E+00
       -0.9250069E+00        0.1899685E-01       -0.9060100E+00
       -0.9207158E+00        0.1439068E-01       -0.9063252E+00
       -0.9179219E+00        0.1030291E-01       -0.9076190E+00
       -0.9162623E+00        0.7229390E-02       -0.9090329E+00
       -0.9161825E+00        0.6233017E-02       -0.9099495E+00
       -0.9174253E+00        0.6425821E-02       -0.9109994E+00
       -0.9201227E+00        0.9312779E-02       -0.9108100E+00
       -0.9246407E+00        0.1453461E-01       -0.9101061E+00
       -0.9305725E+00        0.2248021E-01       -0.9080923E+00
       -0.9377691E+00        0.3148471E-01       -0.9062844E+00
       -0.9459263E+00        0.3873984E-01       -0.9071865E+00
       -0.9550380E+00        0.5037775E-01       -0.9046602E+00
       -0.9644662E+00        0.5516327E-01       -0.9093029E+00
       -0.9957338E+00        0.3259904E-01       -0.9631348E+00
       -0.9982306E+00        0.3455376E-01       -0.9636769E+00
       -0.9996934E+00        0.3453199E-01       -0.9651614E+00
       -0.9999469E+00        0.3260347E-01       -0.9673435E+00
       -0.9989955E+00        0.2911568E-01       -0.9698798E+00
       -0.9969049E+00        0.2560899E-01       -0.9712959E+00
       -0.9938117E+00        0.2325047E-01       -0.9705612E+00
       -0.9901109E+00        0.1612538E-01       -0.9739855E+00
       -0.9865588E+00        0.9877600E-02       -0.9766812E+00
       -0.9837656E+00        0.5404080E-02       -0.9783615E+00
       -0.9817173E+00        0.3459694E-02       -0.9782576E+00
       -0.9804281E+00        0.2923233E-02       -0.9775048E+00
       -0.9800667E+00        0.2724931E-02       -0.9773417E+00
       -0.9803887E+00        0.3004852E-02       -0.9773838E+00
       -0.9821359E+00        0.5197313E-02       -0.9769386E+00
       -0.9847956E+00        0.7984958E-02       -0.9768106E+00
       -0.9878847E+00        0.1226919E-01       -0.9756155E+00
       -0.9910857E+00        0.1414779E-01       -0.9769380E+00
       -0.9939960E+00        0.1737307E-01       -0.9766229E+00
       -0.9965142E+00        0.1874413E-01       -0.9777700E+00
       -0.9985242E+00        0.2640850E-01       -0.9721157E+00
       -0.9997063E+00        0.2358718E-01       -0.9761191E+00
       -0.9999857E+00        0.2664407E-01       -0.9733416E+00
       -0.9994216E+00        0.2282127E-01       -0.9766003E+00
       -0.9981924E+00        0.1955511E-01       -0.9786373E+00
       -0.9965141E+00        0.1828412E-01       -0.9782299E+00
       -0.9944855E+00        0.1603768E-01       -0.9784478E+00
       -0.9924654E+00        0.1327157E-01       -0.9791939E+00
       -0.9904545E+00        0.1238880E-01       -0.9780657E+00
       -0.9885762E+00        0.7472330E-02       -0.9811038E+00
       -0.9871077E+00        0.4876880E-02       -0.9822308E+00
       -0.9859068E+00        0.4200807E-02       -0.9817060E+00
       -0.9850870E+00        0.2601790E-02       -0.9824852E+00
       -0.9848946E+00        0.1919182E-02       -0.9829755E+00
       -0.9850446E+00        0.2825105E-02       -0.9822195E+00
       -0.9854496E+00        0.2945103E-02       -0.9825045E+00
       -0.9861689E+00        0.3821111E-02       -0.9823478E+00
       -0.9871893E+00        0.4270118E-02       -0.9829192E+00
       -0.9886308E+00        0.4877773E-02       -0.9837531E+00
       -0.9901027E+00        0.5036788E-02       -0.9850659E+00
       -0.9840514E+00        0.9364014E-02       -0.9746873E+00
       -0.9858799E+00        0.1120780E-01       -0.9746721E+00
       -0.9881376E+00        0.1240913E-01       -0.9757285E+00
       -0.9905166E+00        0.1432710E-01       -0.9761895E+00
       -0.9927933E+00        0.1591804E-01       -0.9768752E+00
       -0.9951138E+00        0.2131158E-01       -0.9738022E+00
       -0.9971834E+00        0.1950130E-01       -0.9776821E+00
       -0.9987522E+00        0.2368553E-01       -0.9750666E+00
       -0.9997703E+00        0.2588281E-01       -0.9738875E+00
       -0.9999470E+00        0.2739220E-01       -0.9725548E+00
       -0.9990873E+00        0.2650982E-01       -0.9725775E+00
       -0.9971943E+00        0.2474175E-01       -0.9724525E+00
       -0.9945661E+00        0.1859879E-01       -0.9759673E+00
       -0.9914467E+00        0.1339619E-01       -0.9780505E+00
       -0.9879526E+00        0.1139005E-01       -0.9765626E+00
       -0.9844300E+00        0.7667178E-02       -0.9767628E+00
       -0.9815630E+00        0.3752036E-02       -0.9778109E+00
       -0.9797722E+00        0.1461825E-02       -0.9783104E+00
       -0.9788323E+00        0.5193101E-03       -0.9783130E+00
       -0.9788056E+00        0.2179704E-03       -0.9785876E+00
       -0.9746043E+00        0.6800079E-02       -0.9678042E+00
       -0.9716140E+00        0.3655367E-02       -0.9679586E+00
       -0.9706543E+00        0.1403383E-02       -0.9692509E+00
       -0.9713722E+00        0.2021625E-02       -0.9693506E+00
       -0.9735070E+00        0.4308913E-02       -0.9691981E+00
       -0.9769819E+00        0.7120489E-02       -0.9698614E+00
       -0.9808927E+00        0.1103624E-01       -0.9698564E+00
       -0.9852205E+00        0.1466088E-01       -0.9705596E+00
       -0.9894903E+00        0.2040290E-01       -0.9690874E+00
       -0.9934060E+00        0.2337990E-01       -0.9700261E+00
       -0.9965083E+00        0.2435792E-01       -0.9721504E+00
       -0.9985945E+00        0.2421602E-01       -0.9743785E+00
       -0.9996980E+00        0.2053044E-01       -0.9791675E+00
       -0.9999995E+00        0.2052847E-01       -0.9794711E+00
       -0.9996845E+00        0.1882039E-01       -0.9808641E+00
       -0.9988874E+00        0.1436390E-01       -0.9845235E+00
       -0.9976930E+00        0.1556834E-01       -0.9821247E+00
       -0.9961752E+00        0.1292268E-01       -0.9832525E+00
       -0.9946712E+00        0.1064309E-01       -0.9840281E+00
       -0.9930851E+00        0.9102169E-02       -0.9839830E+00
       -0.9964323E+00        0.2032614E-01       -0.9761061E+00
       -0.9952119E+00        0.1934387E-01       -0.9758681E+00
       -0.9940285E+00        0.1867026E-01       -0.9753582E+00
       -0.9927964E+00        0.1763570E-01       -0.9751607E+00
       -0.9916736E+00        0.1426595E-01       -0.9774076E+00
       -0.9908661E+00        0.1288668E-01       -0.9779794E+00
       -0.9903562E+00        0.1184299E-01       -0.9785132E+00
       -0.9899732E+00        0.1210829E-01       -0.9778649E+00
       -0.9895873E+00        0.1065165E-01       -0.9789357E+00
       -0.9894763E+00        0.9592365E-02       -0.9798840E+00
       -0.9897775E+00        0.7882400E-02       -0.9818951E+00
       -0.9903415E+00        0.1042883E-01       -0.9799127E+00
       -0.9910980E+00        0.1129473E-01       -0.9798033E+00
       -0.9918702E+00        0.1072577E-01       -0.9811444E+00
       -0.9928114E+00        0.1097412E-01       -0.9818373E+00
       -0.9938398E+00        0.1042937E-01       -0.9834104E+00
       -0.9949072E+00        0.1253933E-01       -0.9823679E+00
       -0.9961670E+00        0.1436963E-01       -0.9817973E+00
       -0.9973756E+00        0.1761437E-01       -0.9797612E+00
       -0.9984599E+00        0.1883592E-01       -0.9796240E+00
       -0.9927497E+00        0.3174493E-03       -0.9924322E+00
       -0.9933017E+00        0.1454183E-02       -0.9918475E+00
       -0.9941048E+00        0.2261413E-02       -0.9918434E+00
       -0.9950182E+00        0.2405346E-02       -0.9926129E+00
       -0.9960076E+00        0.4138402E-02       -0.9918692E+00
       -0.9970995E+00        0.4702827E-02       -0.9923966E+00
       -0.9980532E+00        0.4875479E-02       -0.9931777E+00
       -0.9988427E+00        0.6234274E-02       -0.9926085E+00
       -0.9994822E+00        0.5269473E-02       -0.9942127E+00
       -0.9998432E+00        0.4668307E-02       -0.9951749E+00
       -0.9999922E+00        0.5289133E-02       -0.9947030E+00
       -0.9999566E+00        0.3127101E-02       -0.9968295E+00
       -0.9998006E+00        0.3495234E-02       -0.9963054E+00
       -0.9995512E+00        0.2206627E-02       -0.9973445E+00
       -0.9992284E+00        0.2032292E-02       -0.9971961E+00
       -0.9987840E+00        0.3151758E-02       -0.9956323E+00
       -0.9982861E+00        0.2400188E-02       -0.9958859E+00
       -0.9977834E+00        0.1312905E-02       -0.9964705E+00
       -0.9974293E+00        0.8888195E-03       -0.9965405E+00
       -0.9972118E+00        0.6491762E-03       -0.9965627E+00
       -0.9994276E+00        0.4515708E-02       -0.9949119E+00
       -0.9990211E+00        0.2850138E-02       -0.9961710E+00
       -0.9985406E+00        0.2487802E-02       -0.9960528E+00
       -0.9980597E+00        0.1620951E-02       -0.9964387E+00
       -0.9977460E+00        0.3747346E-03       -0.9973713E+00
       -0.9975416E+00        0.2782358E-03       -0.9972633E+00
       -0.9973427E+00        0.4804622E-03       -0.9968622E+00
       -0.9971500E+00        0.3688668E-03       -0.9967812E+00
       -0.9970228E+00        0.4763660E-04       -0.9969752E+00
       -0.9969894E+00        0.1115199E-03       -0.9968778E+00
       -0.9970512E+00        0.5558448E-03       -0.9964954E+00
       -0.9972061E+00        0.7103978E-03       -0.9964957E+00
       -0.9974872E+00        0.2101915E-02       -0.9953853E+00
       -0.9978807E+00        0.1807260E-02       -0.9960735E+00
       -0.9982627E+00        0.1672264E-02       -0.9965905E+00
       -0.9986227E+00        0.2413194E-02       -0.9962095E+00
       -0.9989296E+00        0.1999251E-02       -0.9969304E+00
       -0.9992492E+00        0.3079224E-02       -0.9961700E+00
       -0.9994928E+00        0.2284982E-02       -0.9972079E+00
       -0.9996935E+00        0.2720012E-02       -0.9969735E+00
       -0.9981166E+00        0.2109362E-02       -0.9960073E+00
       -0.9979344E+00        0.1226484E-02       -0.9967079E+00
       -0.9979123E+00        0.1039194E-02       -0.9968731E+00
       -0.9979918E+00        0.2220399E-02       -0.9957714E+00
       -0.9980762E+00        0.2890064E-02       -0.9951862E+00
       -0.9980848E+00        0.2092171E-02       -0.9959927E+00
       -0.9981031E+00        0.2446955E-02       -0.9956562E+00
       -0.9982331E+00        0.3909378E-02       -0.9943238E+00
       -0.9985301E+00        0.3006223E-02       -0.9955239E+00
       -0.9987746E+00        0.2975996E-02       -0.9957986E+00
       -0.9990897E+00        0.4381001E-02       -0.9947087E+00
       -0.9994261E+00        0.4228794E-02       -0.9951973E+00
       -0.9996655E+00        0.3570825E-02       -0.9960947E+00
       -0.9998284E+00        0.2742510E-02       -0.9970859E+00
       -0.9999598E+00        0.4541916E-02       -0.9954179E+00
       -0.9999999E+00        0.4185599E-02       -0.9958143E+00
       -0.9999334E+00        0.4946519E-02       -0.9949869E+00
       -0.9997379E+00        0.5633258E-02       -0.9941047E+00
       -0.9994437E+00        0.3932554E-02       -0.9955111E+00
       -0.9990925E+00        0.3404656E-02       -0.9956879E+00
       -0.9986107E+00        0.5686532E-02       -0.9929242E+00
       -0.9980111E+00        0.5712657E-02       -0.9922985E+00
       -0.9972827E+00        0.4979015E-02       -0.9923037E+00
       -0.9965233E+00        0.5707509E-02       -0.9908158E+00
       -0.9958940E+00        0.4433846E-02       -0.9914601E+00
       -0.9953820E+00        0.3673759E-02       -0.9917082E+00
       -0.9950689E+00        0.2183392E-02       -0.9928855E+00
       -0.9948384E+00        0.2243233E-02       -0.9925952E+00
       -0.9948603E+00        0.1691569E-02       -0.9931687E+00
       -0.9949611E+00        0.1595938E-02       -0.9933652E+00
       -0.9951203E+00        0.2482556E-02       -0.9926377E+00
       -0.9954730E+00        0.2313640E-02       -0.9931594E+00
       -0.9959500E+00        0.1963146E-02       -0.9939868E+00
       -0.9964658E+00        0.2395594E-02       -0.9940702E+00
       -0.9970745E+00        0.3574761E-02       -0.9934997E+00
       -0.9977162E+00        0.3494256E-02       -0.9942219E+00
       -0.9982557E+00        0.3356217E-02       -0.9948995E+00
       -0.9987344E+00        0.3284361E-02       -0.9954500E+00
       -0.9991164E+00        0.2229842E-02       -0.9968865E+00
       -0.9994539E+00        0.3185067E-02       -0.9962688E+00
       -0.9963372E+00        0.5001305E-02       -0.9913359E+00
       -0.9961953E+00        0.6772262E-02       -0.9894230E+00
       -0.9961889E+00        0.7468594E-02       -0.9887203E+00
       -0.9961609E+00        0.7385982E-02       -0.9887749E+00
       -0.9962952E+00        0.1025505E-01       -0.9860401E+00
       -0.9965636E+00        0.7014025E-02       -0.9895496E+00
       -0.9967497E+00        0.6665982E-02       -0.9900837E+00
       -0.9969815E+00        0.5708979E-02       -0.9912726E+00
       -0.9972326E+00        0.8152906E-02       -0.9890797E+00
       -0.9975759E+00        0.8490195E-02       -0.9890857E+00
       -0.9979662E+00        0.6233262E-02       -0.9917330E+00
       -0.9982348E+00        0.6497475E-02       -0.9917373E+00
       -0.9984543E+00        0.6195780E-02       -0.9922585E+00
       -0.9987778E+00        0.7104306E-02       -0.9916735E+00
       -0.9990759E+00        0.5559039E-02       -0.9935169E+00
       -0.9993061E+00        0.5342816E-02       -0.9939633E+00
       -0.9995193E+00        0.6112250E-02       -0.9934071E+00
       -0.9997447E+00        0.6680992E-02       -0.9930637E+00
       -0.9999189E+00        0.8595075E-02       -0.9913238E+00
       -0.9999959E+00        0.7821393E-02       -0.9921745E+00
       -0.9985744E+00        0.2026844E-02       -0.9965476E+00
       -0.9988569E+00        0.2255197E-02       -0.9966017E+00
       -0.9991886E+00        0.2607631E-02       -0.9965810E+00
       -0.9994365E+00        0.2812725E-02       -0.9966237E+00
       -0.9996176E+00        0.1633763E-02       -0.9979838E+00
       -0.9997739E+00        0.2441615E-02       -0.9973323E+00
       -0.9998894E+00        0.2303314E-02       -0.9975861E+00
       -0.9999583E+00        0.1670118E-02       -0.9982882E+00
       -0.9999912E+00        0.1191072E-02       -0.9988002E+00
       -0.9999994E+00        0.1292356E-02       -0.9987070E+00
       -0.9999997E+00        0.5607600E-03       -0.9994389E+00
       -0.9999961E+00        0.5760801E-03       -0.9994200E+00
       -0.9999882E+00        0.3494267E-03       -0.9996388E+00
       -0.9999867E+00        0.4303952E-03       -0.9995563E+00
       -0.9999809E+00        0.4956265E-03       -0.9994853E+00
       -0.9999732E+00        0.1963558E-03       -0.9997769E+00
       -0.9999623E+00        0.3042630E-04       -0.9999318E+00
       -0.9999578E+00        0.1446092E-03       -0.9998132E+00
       -0.9999530E+00        0.7025490E-04       -0.9998827E+00
       -0.9999435E+00        0.2449585E-03       -0.9996986E+00
       -0.9968874E+00        0.3291035E-03       -0.9965583E+00
       -0.9968808E+00        0.2740522E-03       -0.9966067E+00
       -0.9969396E+00        0.4374024E-03       -0.9965022E+00
       -0.9971092E+00        0.8716530E-03       -0.9962376E+00
       -0.9973489E+00        0.9542549E-03       -0.9963946E+00
       -0.9976843E+00        0.1998840E-02       -0.9956854E+00
       -0.9981699E+00        0.2440211E-02       -0.9957297E+00
       -0.9986325E+00        0.3085676E-02       -0.9955469E+00
       -0.9991227E+00        0.4974657E-02       -0.9941481E+00
       -0.9995701E+00        0.6121676E-02       -0.9934484E+00
       -0.9999039E+00        0.1070340E-01       -0.9892005E+00
       -0.9999809E+00        0.1234864E-01       -0.9876322E+00
       -0.9996783E+00        0.1073914E-01       -0.9889391E+00
       -0.9990328E+00        0.8406409E-02       -0.9906263E+00
       -0.9981380E+00        0.7530310E-02       -0.9906077E+00
       -0.9968826E+00        0.8265133E-02       -0.9886175E+00
       -0.9953839E+00        0.7501675E-02       -0.9878822E+00
       -0.9938295E+00        0.5204415E-02       -0.9886251E+00
       -0.9923870E+00        0.4268670E-02       -0.9881183E+00
       -0.9912048E+00        0.1987593E-02       -0.9892172E+00
       -0.9979310E+00        0.5190591E-02       -0.9927404E+00
       -0.9986079E+00        0.5782630E-02       -0.9928253E+00
       -0.9991766E+00        0.5571525E-02       -0.9936051E+00
       -0.9996047E+00        0.4975072E-02       -0.9946297E+00
       -0.9998588E+00        0.4271275E-02       -0.9955876E+00
       -0.9999786E+00        0.3536898E-02       -0.9964417E+00
       -0.9999974E+00        0.3281689E-02       -0.9967157E+00
       -0.9999388E+00        0.3128404E-02       -0.9968104E+00
       -0.9997931E+00        0.3079416E-02       -0.9967137E+00
       -0.9995437E+00        0.4389523E-02       -0.9951542E+00
       -0.9992344E+00        0.3124950E-02       -0.9961094E+00
       -0.9989700E+00        0.1934073E-02       -0.9970360E+00
       -0.9988101E+00        0.1393804E-02       -0.9974163E+00
       -0.9986757E+00        0.8606030E-03       -0.9978151E+00
       -0.9985848E+00        0.5601119E-03       -0.9980247E+00
       -0.9986452E+00        0.4254658E-03       -0.9982197E+00
       -0.9987501E+00        0.4299414E-03       -0.9983202E+00
       -0.9988808E+00        0.7064562E-03       -0.9981743E+00
       -0.9990564E+00        0.1750609E-02       -0.9973058E+00
       -0.9992933E+00        0.1416108E-02       -0.9978772E+00
       -0.9961832E+00        0.8364196E-03       -0.9953468E+00
       -0.9960509E+00        0.3864241E-03       -0.9956645E+00
       -0.9960065E+00        0.2550834E-03       -0.9957514E+00
       -0.9960446E+00        0.1816542E-03       -0.9958630E+00
       -0.9962914E+00        0.4591451E-03       -0.9958323E+00
       -0.9965764E+00        0.4906997E-03       -0.9960857E+00
       -0.9968433E+00        0.1078677E-02       -0.9957646E+00
       -0.9971588E+00        0.1604214E-02       -0.9955546E+00
       -0.9974539E+00        0.9719124E-03       -0.9964820E+00
       -0.9977539E+00        0.7628046E-03       -0.9969911E+00
       -0.9981456E+00        0.2028747E-02       -0.9961169E+00
       -0.9986720E+00        0.2615207E-02       -0.9960568E+00
       -0.9991128E+00        0.3014770E-02       -0.9960981E+00
       -0.9995198E+00        0.4305185E-02       -0.9952146E+00
       -0.9998307E+00        0.4722966E-02       -0.9951077E+00
       -0.9999875E+00        0.5574181E-02       -0.9944133E+00
       -0.9999794E+00        0.2870005E-02       -0.9971094E+00
       -0.9998588E+00        0.3663068E-02       -0.9961957E+00
       -0.9996051E+00        0.4352071E-02       -0.9952531E+00
       -0.9992418E+00        0.3092800E-02       -0.9961490E+00
       -0.9931431E+00        0.8238146E-03       -0.9923193E+00
       -0.9936882E+00        0.1849780E-02       -0.9918385E+00
       -0.9944506E+00        0.2484394E-02       -0.9919662E+00
       -0.9953023E+00        0.2800708E-02       -0.9925016E+00
       -0.9960543E+00        0.4028555E-02       -0.9920257E+00
       -0.9969129E+00        0.5473228E-02       -0.9914397E+00
       -0.9977156E+00        0.6035059E-02       -0.9916805E+00
       -0.9984271E+00        0.5476487E-02       -0.9929506E+00
       -0.9990409E+00        0.5025171E-02       -0.9940157E+00
       -0.9995065E+00        0.4832839E-02       -0.9946737E+00
       -0.9998009E+00        0.3677386E-02       -0.9961235E+00
       -0.9999554E+00        0.3541999E-02       -0.9964134E+00
       -0.9999999E+00        0.2826884E-02       -0.9971730E+00
       -0.9999774E+00        0.2469130E-02       -0.9975083E+00
       -0.9999153E+00        0.2244360E-02       -0.9976710E+00
       -0.9997920E+00        0.2155439E-02       -0.9976366E+00
       -0.9995896E+00        0.2685733E-02       -0.9969039E+00
       -0.9992747E+00        0.3629266E-02       -0.9956454E+00
       -0.9988977E+00        0.3097358E-02       -0.9958003E+00
       -0.9986534E+00        0.2651029E-02       -0.9960024E+00
       -0.9999223E+00        0.4248129E-02       -0.9956742E+00
       -0.9999960E+00        0.4660273E-02       -0.9953357E+00
       -0.9999714E+00        0.4505789E-02       -0.9954656E+00
       -0.9998288E+00        0.5645229E-02       -0.9941836E+00
       -0.9995739E+00        0.6111724E-02       -0.9934622E+00
       -0.9992408E+00        0.5921417E-02       -0.9933194E+00
       -0.9988943E+00        0.4653379E-02       -0.9942410E+00
       -0.9985949E+00        0.4031066E-02       -0.9945638E+00
       -0.9983853E+00        0.4035531E-02       -0.9943498E+00
       -0.9981804E+00        0.4010109E-02       -0.9941703E+00
       -0.9979426E+00        0.5175814E-02       -0.9927668E+00
       -0.9976939E+00        0.3988937E-02       -0.9937050E+00
       -0.9975676E+00        0.2572027E-02       -0.9949956E+00
       -0.9975288E+00        0.1927606E-02       -0.9956012E+00
       -0.9976180E+00        0.1730382E-02       -0.9958876E+00
       -0.9977783E+00        0.2969634E-02       -0.9948086E+00
       -0.9981272E+00        0.4715763E-02       -0.9934114E+00
       -0.9985920E+00        0.6673655E-02       -0.9919183E+00
       -0.9990461E+00        0.6708289E-02       -0.9923378E+00
       -0.9994667E+00        0.7575026E-02       -0.9918917E+00
       -0.9962083E+00        0.1238280E-02       -0.9949701E+00
       -0.9963290E+00        0.1364046E-02       -0.9949649E+00
       -0.9967488E+00        0.1447430E-02       -0.9953014E+00
       -0.9973488E+00        0.2852497E-02       -0.9944963E+00
       -0.9980383E+00        0.3508533E-02       -0.9945298E+00
       -0.9987013E+00        0.4666784E-02       -0.9940345E+00
       -0.9992477E+00        0.4952861E-02       -0.9942948E+00
       -0.9996314E+00        0.5823485E-02       -0.9938079E+00
       -0.9998986E+00        0.6389735E-02       -0.9935089E+00
       -0.9999994E+00        0.7415558E-02       -0.9925839E+00
       -0.9999360E+00        0.6001270E-02       -0.9939347E+00
       -0.9997525E+00        0.5036561E-02       -0.9947159E+00
       -0.9994742E+00        0.5506639E-02       -0.9939676E+00
       -0.9991755E+00        0.4371217E-02       -0.9948043E+00
       -0.9988278E+00        0.4097768E-02       -0.9947300E+00
       -0.9984987E+00        0.4287896E-02       -0.9942108E+00
       -0.9982123E+00        0.4327292E-02       -0.9938850E+00
       -0.9980129E+00        0.4237835E-02       -0.9937751E+00
       -0.9978344E+00        0.6020989E-02       -0.9918134E+00
       -0.9978815E+00        0.6601443E-02       -0.9912801E+00
       -0.9993754E+00        0.4633648E-02       -0.9947418E+00
       -0.9996274E+00        0.4623054E-02       -0.9950043E+00
       -0.9997662E+00        0.2942282E-02       -0.9968239E+00
       -0.9998474E+00        0.2397522E-02       -0.9974499E+00
       -0.9999216E+00        0.3883175E-02       -0.9960384E+00
       -0.9999763E+00        0.6318392E-02       -0.9936579E+00
       -0.9999998E+00        0.6192562E-02       -0.9938072E+00
       -0.9999719E+00        0.4962472E-02       -0.9950095E+00
       -0.9998986E+00        0.7343579E-02       -0.9925550E+00
       -0.9997628E+00        0.7210945E-02       -0.9925518E+00
       -0.9996291E+00        0.5276994E-02       -0.9943521E+00
       -0.9994944E+00        0.6812854E-02       -0.9926815E+00
       -0.9993307E+00        0.6174816E-02       -0.9931559E+00
       -0.9991833E+00        0.4694518E-02       -0.9944888E+00
       -0.9991254E+00        0.4011285E-02       -0.9951141E+00
       -0.9991298E+00        0.2566471E-02       -0.9965634E+00
       -0.9990576E+00        0.2444894E-02       -0.9966127E+00
       -0.9989671E+00        0.2707428E-02       -0.9962597E+00
       -0.9989427E+00        0.3530175E-02       -0.9954125E+00
       -0.9989625E+00        0.4987580E-02       -0.9939749E+00
       -0.9984828E+00        0.2971843E-03       -0.9981856E+00
       -0.9985363E+00        0.4826869E-03       -0.9980536E+00
       -0.9985654E+00        0.3828761E-03       -0.9981825E+00
       -0.9986509E+00        0.7925422E-03       -0.9978584E+00
       -0.9987555E+00        0.9598723E-03       -0.9977956E+00
       -0.9988718E+00        0.8651368E-03       -0.9980067E+00
       -0.9990625E+00        0.2178031E-02       -0.9968844E+00
       -0.9992354E+00        0.1369183E-02       -0.9978662E+00
       -0.9994037E+00        0.1824988E-02       -0.9975787E+00
       -0.9995929E+00        0.1446838E-02       -0.9981460E+00
       -0.9997497E+00        0.1882877E-02       -0.9978668E+00
       -0.9998779E+00        0.1477879E-02       -0.9984000E+00
       -0.9999614E+00        0.2463272E-02       -0.9974981E+00
       -0.9999984E+00        0.4233977E-02       -0.9957644E+00
       -0.9999742E+00        0.5356337E-02       -0.9946178E+00
       -0.9998794E+00        0.7000064E-02       -0.9928794E+00
       -0.9997416E+00        0.5040067E-02       -0.9947016E+00
       -0.9995627E+00        0.4989460E-02       -0.9945733E+00
       -0.9993622E+00        0.4267876E-02       -0.9950943E+00
       -0.9992175E+00        0.3718771E-02       -0.9954987E+00
       -0.9988432E+00        0.2160196E-02       -0.9966830E+00
       -0.9986466E+00        0.1363000E-02       -0.9972836E+00
       -0.9984525E+00        0.1611797E-02       -0.9968407E+00
       -0.9981328E+00        0.1407963E-02       -0.9967248E+00
       -0.9978106E+00        0.8641248E-03       -0.9969465E+00
       -0.9975291E+00        0.9944762E-03       -0.9965346E+00
       -0.9973191E+00        0.1408426E-02       -0.9959107E+00
       -0.9971784E+00        0.1131020E-02       -0.9960473E+00
       -0.9971681E+00        0.1085940E-02       -0.9960821E+00
       -0.9973326E+00        0.1297980E-02       -0.9960347E+00
       -0.9975975E+00        0.1565109E-02       -0.9960324E+00
       -0.9978493E+00        0.9345206E-03       -0.9969148E+00
       -0.9981467E+00        0.1144096E-02       -0.9970026E+00
       -0.9985608E+00        0.1559047E-02       -0.9970017E+00
       -0.9989908E+00        0.2492108E-02       -0.9964987E+00
       -0.9993453E+00        0.2478112E-02       -0.9968672E+00
       -0.9996195E+00        0.2806745E-02       -0.9968128E+00
       -0.9998587E+00        0.4141338E-02       -0.9957174E+00
       -0.9999867E+00        0.3979478E-02       -0.9960073E+00
       -0.9999878E+00        0.2451941E-02       -0.9975359E+00
       -0.9988748E+00        0.3240412E-02       -0.9956343E+00
       -0.9987585E+00        0.3559387E-02       -0.9951991E+00
       -0.9986017E+00        0.3317167E-02       -0.9952846E+00
       -0.9984654E+00        0.4201122E-02       -0.9942643E+00
       -0.9984355E+00        0.3193717E-02       -0.9952418E+00
       -0.9985020E+00        0.2925352E-02       -0.9955766E+00
       -0.9985519E+00        0.3120350E-02       -0.9954316E+00
       -0.9986135E+00        0.2802046E-02       -0.9958114E+00
       -0.9986592E+00        0.2287969E-02       -0.9963712E+00
       -0.9987452E+00        0.2016219E-02       -0.9967290E+00
       -0.9989133E+00        0.1474205E-02       -0.9974391E+00
       -0.9991695E+00        0.2313661E-02       -0.9968559E+00
       -0.9994945E+00        0.3726378E-02       -0.9957681E+00
       -0.9998229E+00        0.5564816E-02       -0.9942580E+00
       -0.9999873E+00        0.4966823E-02       -0.9950205E+00
       -0.9999605E+00        0.5450182E-02       -0.9945103E+00
       -0.9997546E+00        0.4097008E-02       -0.9956576E+00
       -0.9994443E+00        0.4530404E-02       -0.9949138E+00
       -0.9989828E+00        0.4912154E-02       -0.9940707E+00
       -0.9983881E+00        0.4945233E-02       -0.9934429E+00
       -0.9996403E+00        0.7768907E-02       -0.9918714E+00
       -0.9997789E+00        0.9070307E-02       -0.9907086E+00
       -0.9999227E+00        0.8470244E-02       -0.9914524E+00
       -0.9999934E+00        0.8416086E-02       -0.9915773E+00
       -0.9999926E+00        0.6738290E-02       -0.9932543E+00
       -0.9999315E+00        0.5550414E-02       -0.9943811E+00
       -0.9997960E+00        0.6408096E-02       -0.9933879E+00
       -0.9995932E+00        0.7707575E-02       -0.9918857E+00
       -0.9993134E+00        0.6117106E-02       -0.9931962E+00
       -0.9989688E+00        0.5628475E-02       -0.9933403E+00
       -0.9985599E+00        0.5780850E-02       -0.9927791E+00
       -0.9981537E+00        0.3748547E-02       -0.9944052E+00
       -0.9978043E+00        0.2759622E-02       -0.9950447E+00
       -0.9974727E+00        0.3835250E-02       -0.9936375E+00
       -0.9970264E+00        0.4902718E-02       -0.9921237E+00
       -0.9965059E+00        0.3731266E-02       -0.9927746E+00
       -0.9961670E+00        0.2203718E-02       -0.9939633E+00
       -0.9960868E+00        0.8209755E-03       -0.9952658E+00
       -0.9960580E+00        0.5313519E-03       -0.9955267E+00
       -0.9960921E+00        0.7171998E-03       -0.9953749E+00
       -0.9994251E+00        0.7541644E-02       -0.9918835E+00
       -0.9994515E+00        0.5727520E-02       -0.9937240E+00
       -0.9994749E+00        0.4817648E-02       -0.9946572E+00
       -0.9995142E+00        0.3850159E-02       -0.9956640E+00
       -0.9996087E+00        0.5081334E-02       -0.9945274E+00
       -0.9997019E+00        0.3090677E-02       -0.9966113E+00
       -0.9997945E+00        0.3039386E-02       -0.9967552E+00
       -0.9998624E+00        0.2246285E-02       -0.9976161E+00
       -0.9999151E+00        0.1791931E-02       -0.9981231E+00
       -0.9999633E+00        0.2342474E-02       -0.9976208E+00
       -0.9999905E+00        0.1453934E-02       -0.9985366E+00
       -0.9999996E+00        0.7893150E-03       -0.9992103E+00
       -0.9999991E+00        0.1016774E-02       -0.9989824E+00
       -0.9999919E+00        0.1272555E-02       -0.9987193E+00
       -0.9999733E+00        0.1402478E-02       -0.9985709E+00
       -0.9999513E+00        0.1299947E-02       -0.9986514E+00
       -0.9999276E+00        0.8496284E-03       -0.9990779E+00
       -0.9999046E+00        0.1019803E-02       -0.9988848E+00
       -0.9998987E+00        0.5381058E-03       -0.9993606E+00
       -0.9998992E+00        0.1055126E-02       -0.9988441E+00
       -0.9987195E+00        0.2027763E-02       -0.9966917E+00
       -0.9986551E+00        0.2726274E-02       -0.9959288E+00
       -0.9986539E+00        0.1347639E-02       -0.9973062E+00
       -0.9986817E+00        0.2132938E-02       -0.9965487E+00
       -0.9988829E+00        0.1863260E-02       -0.9970197E+00
       -0.9991210E+00        0.3157793E-02       -0.9959632E+00
       -0.9993156E+00        0.2737730E-02       -0.9965779E+00
       -0.9994643E+00        0.2985529E-02       -0.9964788E+00
       -0.9996453E+00        0.3659486E-02       -0.9959858E+00
       -0.9997923E+00        0.3055645E-02       -0.9967366E+00
       -0.9998800E+00        0.1432249E-02       -0.9984478E+00
       -0.9999290E+00        0.1633603E-02       -0.9982954E+00
       -0.9999647E+00        0.2522426E-02       -0.9974423E+00
       -0.9999691E+00        0.3528690E-02       -0.9964404E+00
       -0.9999685E+00        0.4564261E-02       -0.9954042E+00
       -0.9999722E+00        0.5030745E-02       -0.9949415E+00
       -0.9999779E+00        0.5313770E-02       -0.9946642E+00
       -0.9999864E+00        0.8733680E-02       -0.9912527E+00
       -0.9999972E+00        0.8604344E-02       -0.9913928E+00
       -0.9999998E+00        0.8383668E-02       -0.9916162E+00
       -0.9999921E+00        0.5758500E-03       -0.9994163E+00
       -0.9999999E+00        0.5053253E-03       -0.9994946E+00
       -0.9999977E+00        0.5855523E-03       -0.9994121E+00
       -0.9999869E+00        0.5560084E-03       -0.9994309E+00
       -0.9999755E+00        0.7099283E-03       -0.9992655E+00
       -0.9999603E+00        0.7665087E-03       -0.9991938E+00
       -0.9999490E+00        0.3160303E-03       -0.9996330E+00
       -0.9999336E+00        0.8108512E-03       -0.9991227E+00
       -0.9999036E+00        0.1607064E-02       -0.9982966E+00
       -0.9998767E+00        0.1936035E-02       -0.9979407E+00
       -0.9998666E+00        0.3606446E-02       -0.9962602E+00
       -0.9998353E+00        0.4118727E-02       -0.9957166E+00
       -0.9997784E+00        0.5356387E-02       -0.9944220E+00
       -0.9997331E+00        0.6391843E-02       -0.9933413E+00
       -0.9996627E+00        0.4934498E-02       -0.9947282E+00
       -0.9995506E+00        0.5137287E-02       -0.9944133E+00
       -0.9994121E+00        0.5098057E-02       -0.9943140E+00
       -0.9992815E+00        0.4871784E-02       -0.9944097E+00
       -0.9992006E+00        0.4369963E-02       -0.9948306E+00
       -0.9991845E+00        0.4455194E-02       -0.9947293E+00
       -0.9996096E+00        0.3173617E-02       -0.9964360E+00
       -0.9994673E+00        0.2732109E-02       -0.9967352E+00
       -0.9993811E+00        0.1774703E-02       -0.9976064E+00
       -0.9993633E+00        0.1939202E-02       -0.9974241E+00
       -0.9994017E+00        0.2207375E-02       -0.9971944E+00
       -0.9994413E+00        0.2939266E-02       -0.9965021E+00
       -0.9995174E+00        0.2857960E-02       -0.9966594E+00
       -0.9995960E+00        0.2307920E-02       -0.9972881E+00
       -0.9996475E+00        0.2103858E-02       -0.9975436E+00
       -0.9996908E+00        0.1524501E-02       -0.9981663E+00
       -0.9997529E+00        0.2164508E-02       -0.9975884E+00
       -0.9998212E+00        0.2504084E-02       -0.9973171E+00
       -0.9998904E+00        0.2271812E-02       -0.9976186E+00
       -0.9999406E+00        0.1126776E-02       -0.9988138E+00
       -0.9999740E+00        0.5404141E-03       -0.9994336E+00
       -0.9999928E+00        0.5894843E-03       -0.9994033E+00
       -0.9999998E+00        0.7293463E-03       -0.9992705E+00
       -0.9999878E+00        0.1006554E-02       -0.9989812E+00
       -0.9999490E+00        0.1356526E-02       -0.9985925E+00
       -0.9998945E+00        0.8271178E-03       -0.9990674E+00
       -0.9989990E+00        0.6725475E-02       -0.9922736E+00
       -0.9989873E+00        0.5831329E-02       -0.9931560E+00
       -0.9990506E+00        0.5720617E-02       -0.9933300E+00
       -0.9991345E+00        0.3469125E-02       -0.9956654E+00
       -0.9992134E+00        0.3734322E-02       -0.9954790E+00
       -0.9993178E+00        0.4141543E-02       -0.9951763E+00
       -0.9994238E+00        0.3528683E-02       -0.9958951E+00
       -0.9995546E+00        0.2703255E-02       -0.9968514E+00
       -0.9996664E+00        0.1969460E-02       -0.9976969E+00
       -0.9997718E+00        0.3695451E-02       -0.9960764E+00
       -0.9999120E+00        0.5546130E-02       -0.9943659E+00
       -0.9999883E+00        0.6398429E-02       -0.9935898E+00
       -0.9999965E+00        0.5023000E-02       -0.9949735E+00
       -0.9999520E+00        0.3660154E-02       -0.9962919E+00
       -0.9998539E+00        0.3482785E-02       -0.9963711E+00
       -0.9997121E+00        0.2718911E-02       -0.9969932E+00
       -0.9995299E+00        0.3210492E-02       -0.9963194E+00
       -0.9993498E+00        0.2302501E-02       -0.9970473E+00
       -0.9991635E+00        0.2181886E-02       -0.9969817E+00
       -0.9989757E+00        0.1604843E-02       -0.9973709E+00
       -0.9994474E+00        0.2307112E-02       -0.9971403E+00
       -0.9996554E+00        0.1991512E-02       -0.9976639E+00
       -0.9998201E+00        0.1990127E-02       -0.9978300E+00
       -0.9999453E+00        0.2773661E-02       -0.9971716E+00
       -0.9999993E+00        0.3167217E-02       -0.9968321E+00
       -0.9999720E+00        0.1908024E-02       -0.9980640E+00
       -0.9998830E+00        0.2098496E-02       -0.9977845E+00
       -0.9997418E+00        0.1964468E-02       -0.9977773E+00
       -0.9995802E+00        0.1684972E-02       -0.9978952E+00
       -0.9994353E+00        0.1469749E-02       -0.9979656E+00
       -0.9992756E+00        0.1933635E-02       -0.9973420E+00
       -0.9991705E+00        0.2330898E-02       -0.9968396E+00
       -0.9991139E+00        0.1498497E-02       -0.9976154E+00
       -0.9990651E+00        0.1459175E-02       -0.9976059E+00
       -0.9990325E+00        0.1344141E-02       -0.9976883E+00
       -0.9990861E+00        0.1661315E-02       -0.9974248E+00
       -0.9991895E+00        0.1172161E-02       -0.9980173E+00
       -0.9993874E+00        0.1366347E-02       -0.9980210E+00
       -0.9995515E+00        0.1636566E-02       -0.9979150E+00
       -0.9997002E+00        0.1241606E-02       -0.9984586E+00
       -0.9998238E+00        0.1585234E-02       -0.9982386E+00
       -0.9999212E+00        0.7855370E-03       -0.9991357E+00
       -0.9999714E+00        0.1436473E-02       -0.9985350E+00
       -0.9999956E+00        0.1593153E-02       -0.9984025E+00
       -0.9999981E+00        0.1149223E-02       -0.9988489E+00
       -0.9999738E+00        0.6230206E-03       -0.9993508E+00
       -0.9999403E+00        0.5423937E-03       -0.9993979E+00
       -0.9998991E+00        0.5786306E-03       -0.9993204E+00
       -0.9998445E+00        0.4078589E-03       -0.9994367E+00
       -0.9997952E+00        0.7517450E-03       -0.9990435E+00
       -0.9997274E+00        0.4119450E-03       -0.9993155E+00
       -0.9996428E+00        0.7624538E-03       -0.9988804E+00
       -0.9994943E+00        0.1128252E-02       -0.9983661E+00
       -0.9993031E+00        0.1408012E-02       -0.9978950E+00
       -0.9990516E+00        0.7984920E-03       -0.9982531E+00
       -0.9988593E+00        0.7785739E-03       -0.9980807E+00
       -0.9987215E+00        0.3230427E-03       -0.9983985E+00
       -0.9986514E+00        0.2429808E-03       -0.9984085E+00
       -0.9986962E+00        0.3821920E-03       -0.9983140E+00
       -0.9987489E+00        0.8626267E-03       -0.9978863E+00
       -0.9991644E+00        0.4935999E-02       -0.9942284E+00
       -0.9989952E+00        0.3098256E-02       -0.9958969E+00
       -0.9989025E+00        0.3313769E-02       -0.9955887E+00
       -0.9988405E+00        0.4893457E-02       -0.9939470E+00
       -0.9986931E+00        0.4610609E-02       -0.9940825E+00
       -0.9984561E+00        0.5516336E-02       -0.9929397E+00
       -0.9981965E+00        0.4294077E-02       -0.9939024E+00
       -0.9980445E+00        0.4012260E-02       -0.9940322E+00
       -0.9980218E+00        0.4748624E-02       -0.9932732E+00
       -0.9980976E+00        0.7145467E-02       -0.9909522E+00
       -0.9982367E+00        0.7848036E-02       -0.9903887E+00
       -0.9984384E+00        0.7908545E-02       -0.9905299E+00
       -0.9986644E+00        0.5896421E-02       -0.9927680E+00
       -0.9989133E+00        0.5630440E-02       -0.9932828E+00
       -0.9992497E+00        0.6083841E-02       -0.9931658E+00
       -0.9995418E+00        0.6192937E-02       -0.9933489E+00
       -0.9997852E+00        0.7939364E-02       -0.9918458E+00
       -0.9999360E+00        0.8364818E-02       -0.9915712E+00
       -0.9999989E+00        0.7312063E-02       -0.9926868E+00
       -0.9999590E+00        0.7670912E-02       -0.9922881E+00
       -0.9994319E+00        0.2696764E-02       -0.9967351E+00
       -0.9995801E+00        0.2488558E-02       -0.9970915E+00
       -0.9997284E+00        0.2541112E-02       -0.9971873E+00
       -0.9998361E+00        0.1702889E-02       -0.9981332E+00
       -0.9999014E+00        0.1446721E-02       -0.9984547E+00
       -0.9999393E+00        0.1348423E-02       -0.9985909E+00
       -0.9999636E+00        0.8631127E-03       -0.9991004E+00
       -0.9999761E+00        0.9312974E-03       -0.9990448E+00
       -0.9999870E+00        0.6890163E-03       -0.9992980E+00
       -0.9999946E+00        0.1479113E-03       -0.9998467E+00
       -0.9999975E+00        0.6973094E-04       -0.9999277E+00
       -0.9999977E+00        0.2752285E-03       -0.9997225E+00
       -0.9999928E+00        0.1389750E-03       -0.9998539E+00
       -0.9999804E+00        0.4621079E-03       -0.9995183E+00
       -0.9999625E+00        0.6607228E-03       -0.9993017E+00
       -0.9999070E+00        0.1146134E-02       -0.9987609E+00
       -0.9997899E+00        0.1539941E-02       -0.9982500E+00
       -0.9996176E+00        0.1323096E-02       -0.9982945E+00
       -0.9994065E+00        0.1900031E-02       -0.9975064E+00
       -0.9991246E+00        0.1640259E-02       -0.9974844E+00
       -0.9975937E+00        0.2999068E-02       -0.9945946E+00
       -0.9981841E+00        0.2880275E-02       -0.9953038E+00
       -0.9987228E+00        0.4066274E-02       -0.9946565E+00
       -0.9991821E+00        0.2669358E-02       -0.9965127E+00
       -0.9995218E+00        0.3787838E-02       -0.9957340E+00
       -0.9997899E+00        0.4705933E-02       -0.9950839E+00
       -0.9999554E+00        0.5358296E-02       -0.9945971E+00
       -0.9999990E+00        0.5629714E-02       -0.9943693E+00
       -0.9999291E+00        0.4289963E-02       -0.9956391E+00
       -0.9997574E+00        0.4868451E-02       -0.9948890E+00
       -0.9994795E+00        0.4560005E-02       -0.9949195E+00
       -0.9991084E+00        0.4851152E-02       -0.9942573E+00
       -0.9986364E+00        0.3967655E-02       -0.9946687E+00
       -0.9981374E+00        0.3335714E-02       -0.9948016E+00
       -0.9977630E+00        0.3515992E-02       -0.9942470E+00
       -0.9974598E+00        0.2613912E-02       -0.9948459E+00
       -0.9973311E+00        0.2483609E-02       -0.9948475E+00
       -0.9973683E+00        0.1692447E-02       -0.9956758E+00
       -0.9974051E+00        0.2474704E-02       -0.9949304E+00
       -0.9975759E+00        0.1843546E-02       -0.9957324E+00
       -0.9999337E+00        0.1459202E-01       -0.9853417E+00
       -0.9995674E+00        0.1213425E-01       -0.9874332E+00
       -0.9989148E+00        0.1159704E-01       -0.9873178E+00
       -0.9980701E+00        0.8607151E-02       -0.9894629E+00
       -0.9970546E+00        0.8302218E-02       -0.9887524E+00
       -0.9958959E+00        0.7593815E-02       -0.9883021E+00
       -0.9946558E+00        0.6203438E-02       -0.9884524E+00
       -0.9934634E+00        0.7016308E-02       -0.9864470E+00
       -0.9923641E+00        0.6015307E-02       -0.9863487E+00
       -0.9915038E+00        0.7068873E-02       -0.9844349E+00
       -0.9910807E+00        0.6456381E-02       -0.9846243E+00
       -0.9910456E+00        0.6881924E-02       -0.9841637E+00
       -0.9912731E+00        0.8220386E-02       -0.9830528E+00
       -0.9916415E+00        0.9308219E-02       -0.9823332E+00
       -0.9923778E+00        0.1023160E-01       -0.9821462E+00
       -0.9933139E+00        0.1030000E-01       -0.9830139E+00
       -0.9944086E+00        0.1170394E-01       -0.9827047E+00
       -0.9955378E+00        0.1269254E-01       -0.9828453E+00
       -0.9967260E+00        0.1300920E-01       -0.9837168E+00
       -0.9977729E+00        0.1472413E-01       -0.9830488E+00
       -0.9992466E+00        0.2349611E-02       -0.9968970E+00
       -0.9990876E+00        0.2589386E-02       -0.9964982E+00
       -0.9989671E+00        0.3136405E-02       -0.9958307E+00
       -0.9989888E+00        0.3010848E-02       -0.9959779E+00
       -0.9991230E+00        0.2946338E-02       -0.9961767E+00
       -0.9992953E+00        0.3264721E-02       -0.9960306E+00
       -0.9994028E+00        0.2497279E-02       -0.9969055E+00
       -0.9995496E+00        0.2311167E-02       -0.9972385E+00
       -0.9997290E+00        0.2637813E-02       -0.9970911E+00
       -0.9998687E+00        0.3016091E-02       -0.9968526E+00
       -0.9999491E+00        0.2294608E-02       -0.9976545E+00
       -0.9999901E+00        0.2220367E-02       -0.9977697E+00
       -0.9999999E+00        0.2340959E-02       -0.9976590E+00
       -0.9999939E+00        0.2091613E-02       -0.9979023E+00
       -0.9999684E+00        0.1306715E-02       -0.9986617E+00
       -0.9999145E+00        0.1075372E-02       -0.9988391E+00
       -0.9998411E+00        0.7364186E-03       -0.9991047E+00
       -0.9997277E+00        0.1146572E-02       -0.9985811E+00
       -0.9995909E+00        0.4739608E-03       -0.9991169E+00
       -0.9994427E+00        0.8005295E-03       -0.9986422E+00
       -0.9996338E+00        0.1433515E-02       -0.9982002E+00
       -0.9997615E+00        0.1080494E-02       -0.9986810E+00
       -0.9998488E+00        0.1466363E-02       -0.9983824E+00
       -0.9999329E+00        0.2743694E-02       -0.9971893E+00
       -0.9999875E+00        0.2895900E-02       -0.9970916E+00
       -0.9999982E+00        0.2592873E-02       -0.9974053E+00
       -0.9999625E+00        0.1629215E-02       -0.9983332E+00
       -0.9998872E+00        0.1169097E-02       -0.9987181E+00
       -0.9997448E+00        0.2093111E-02       -0.9976517E+00
       -0.9994986E+00        0.2776802E-02       -0.9967218E+00
       -0.9991252E+00        0.3196936E-02       -0.9959283E+00
       -0.9987428E+00        0.1596900E-02       -0.9971459E+00
       -0.9984012E+00        0.6586237E-03       -0.9977426E+00
       -0.9980875E+00        0.9990466E-03       -0.9970885E+00
       -0.9976177E+00        0.1672805E-02       -0.9959449E+00
       -0.9970063E+00        0.2055366E-02       -0.9949510E+00
       -0.9963752E+00        0.2249067E-02       -0.9941262E+00
       -0.9959114E+00        0.1099843E-02       -0.9948116E+00
       -0.9957496E+00        0.1080571E-02       -0.9946690E+00
       -0.9959632E+00        0.1175439E-02       -0.9947878E+00
       -0.9986664E+00        0.7306613E-02       -0.9913598E+00
       -0.9987677E+00        0.6422860E-02       -0.9923449E+00
       -0.9988130E+00        0.6008296E-02       -0.9928047E+00
       -0.9988752E+00        0.4163861E-02       -0.9947114E+00
       -0.9990052E+00        0.3267860E-02       -0.9957374E+00
       -0.9991104E+00        0.4312369E-02       -0.9947981E+00
       -0.9992337E+00        0.4127092E-02       -0.9951066E+00
       -0.9993711E+00        0.3085417E-02       -0.9962857E+00
       -0.9994836E+00        0.4226618E-02       -0.9952570E+00
       -0.9995960E+00        0.6021685E-02       -0.9935743E+00
       -0.9997501E+00        0.7355660E-02       -0.9923945E+00
       -0.9998993E+00        0.7280952E-02       -0.9926183E+00
       -0.9999783E+00        0.6524706E-02       -0.9934536E+00
       -0.9999997E+00        0.5124492E-02       -0.9948752E+00
       -0.9999721E+00        0.6937977E-02       -0.9930341E+00
       -0.9999031E+00        0.7477971E-02       -0.9924251E+00
       -0.9997802E+00        0.7474788E-02       -0.9923054E+00
       -0.9996672E+00        0.8060280E-02       -0.9916069E+00
       -0.9995081E+00        0.6511453E-02       -0.9929967E+00
       -0.9992772E+00        0.6690784E-02       -0.9925864E+00
       -0.9949419E+00        0.4493392E-02       -0.9904485E+00
       -0.9948181E+00        0.3292571E-02       -0.9915255E+00
       -0.9947684E+00        0.3536598E-02       -0.9912318E+00
       -0.9947680E+00        0.3274690E-02       -0.9914933E+00
       -0.9948735E+00        0.3125254E-02       -0.9917482E+00
       -0.9951127E+00        0.2720218E-02       -0.9923925E+00
       -0.9955140E+00        0.3565654E-02       -0.9919483E+00
       -0.9962686E+00        0.4955334E-02       -0.9913133E+00
       -0.9972085E+00        0.6149226E-02       -0.9910593E+00
       -0.9982437E+00        0.8704814E-02       -0.9895389E+00
       -0.9990761E+00        0.7686884E-02       -0.9913892E+00
       -0.9996200E+00        0.8635366E-02       -0.9909847E+00
       -0.9999188E+00        0.6171886E-02       -0.9937469E+00
       -0.9999997E+00        0.4128157E-02       -0.9958715E+00
       -0.9999446E+00        0.3653287E-02       -0.9962913E+00
       -0.9997996E+00        0.2472135E-02       -0.9973275E+00
       -0.9995969E+00        0.1749555E-02       -0.9978473E+00
       -0.9994219E+00        0.9830392E-03       -0.9984388E+00
       -0.9992711E+00        0.9391975E-03       -0.9983319E+00
       -0.9990804E+00        0.1047156E-02       -0.9980333E+00
       -0.9995277E+00        0.3185099E-02       -0.9963426E+00
       -0.9997764E+00        0.4988318E-02       -0.9947881E+00
       -0.9999533E+00        0.5561948E-02       -0.9943914E+00
       -0.9999946E+00        0.6857866E-02       -0.9931368E+00
       -0.9998609E+00        0.5957171E-02       -0.9939038E+00
       -0.9995885E+00        0.5098504E-02       -0.9944900E+00
       -0.9992438E+00        0.4319127E-02       -0.9949246E+00
       -0.9989117E+00        0.2676868E-02       -0.9962348E+00
       -0.9986675E+00        0.3321130E-02       -0.9953464E+00
       -0.9984097E+00        0.3326786E-02       -0.9950829E+00
       -0.9981480E+00        0.4010579E-02       -0.9941374E+00
       -0.9979524E+00        0.4353983E-02       -0.9935984E+00
       -0.9978485E+00        0.5226055E-02       -0.9926224E+00
       -0.9976942E+00        0.5230750E-02       -0.9924634E+00
       -0.9977322E+00        0.4821420E-02       -0.9929108E+00
       -0.9978769E+00        0.6081514E-02       -0.9917954E+00
       -0.9979060E+00        0.6636073E-02       -0.9912699E+00
       -0.9978744E+00        0.8119791E-02       -0.9897546E+00
       -0.9979768E+00        0.7096486E-02       -0.9908803E+00
       -0.9983276E+00        0.6167501E-02       -0.9921601E+00
       -0.9999432E+00        0.1937619E-02       -0.9980056E+00
       -0.9999304E+00        0.1641077E-02       -0.9982893E+00
       -0.9999283E+00        0.2531522E-02       -0.9973968E+00
       -0.9999418E+00        0.2660802E-02       -0.9972810E+00
       -0.9999376E+00        0.1889463E-02       -0.9980482E+00
       -0.9999402E+00        0.3508354E-02       -0.9964319E+00
       -0.9999471E+00        0.3631141E-02       -0.9963159E+00
       -0.9999608E+00        0.3438534E-02       -0.9965223E+00
       -0.9999827E+00        0.3022658E-02       -0.9969601E+00
       -0.9999992E+00        0.3429879E-02       -0.9965693E+00
       -0.9999924E+00        0.2808112E-02       -0.9971843E+00
       -0.9999460E+00        0.3810153E-02       -0.9961359E+00
       -0.9998608E+00        0.4259499E-02       -0.9956013E+00
       -0.9997455E+00        0.3974234E-02       -0.9957713E+00
       -0.9996353E+00        0.2737057E-02       -0.9968982E+00
       -0.9995171E+00        0.2540530E-02       -0.9969765E+00
       -0.9993420E+00        0.2365460E-02       -0.9969765E+00
       -0.9990306E+00        0.2976209E-02       -0.9960544E+00
       -0.9985981E+00        0.2373096E-02       -0.9962250E+00
       -0.9981457E+00        0.2251765E-02       -0.9958939E+00
       -0.9998376E+00        0.3481230E-02       -0.9963564E+00
       -0.9998723E+00        0.4235719E-02       -0.9956366E+00
       -0.9998990E+00        0.4223512E-02       -0.9956755E+00
       -0.9998969E+00        0.5778536E-02       -0.9941183E+00
       -0.9998997E+00        0.4905991E-02       -0.9949937E+00
       -0.9999131E+00        0.3600057E-02       -0.9963130E+00
       -0.9999166E+00        0.3652229E-02       -0.9962644E+00
       -0.9999058E+00        0.4571870E-02       -0.9953339E+00
       -0.9999033E+00        0.5469713E-02       -0.9944336E+00
       -0.9998941E+00        0.4234275E-02       -0.9956598E+00
       -0.9998667E+00        0.5504686E-02       -0.9943620E+00
       -0.9998094E+00        0.5429592E-02       -0.9943798E+00
       -0.9997352E+00        0.3926641E-02       -0.9958086E+00
       -0.9996530E+00        0.4187108E-02       -0.9954659E+00
       -0.9995784E+00        0.5447137E-02       -0.9941312E+00
       -0.9995795E+00        0.6420780E-02       -0.9931587E+00
       -0.9996738E+00        0.7927369E-02       -0.9917464E+00
       -0.9998281E+00        0.7463968E-02       -0.9923641E+00
       -0.9999451E+00        0.7566209E-02       -0.9923789E+00
       -0.9999991E+00        0.6459970E-02       -0.9935392E+00
       -0.9999809E+00        0.5288417E-02       -0.9946925E+00
       -0.9999089E+00        0.5437940E-02       -0.9944710E+00
       -0.9998309E+00        0.3997485E-02       -0.9958334E+00
       -0.9997646E+00        0.3000754E-02       -0.9967638E+00
       -0.9996843E+00        0.3135016E-02       -0.9965493E+00
       -0.9995798E+00        0.2221724E-02       -0.9973581E+00
       -0.9994693E+00        0.2819675E-02       -0.9966496E+00
       -0.9993779E+00        0.1794868E-02       -0.9975831E+00
       -0.9992841E+00        0.1210072E-02       -0.9980740E+00
       -0.9992252E+00        0.4075165E-03       -0.9988177E+00
       -0.9992447E+00        0.3875735E-03       -0.9988572E+00
       -0.9992305E+00        0.3553010E-03       -0.9988752E+00
       -0.9993108E+00        0.1283418E-02       -0.9980273E+00
       -0.9994146E+00        0.1852571E-02       -0.9975620E+00
       -0.9995541E+00        0.1313991E-02       -0.9982401E+00
       -0.9996825E+00        0.1944151E-02       -0.9977383E+00
       -0.9998256E+00        0.2831984E-02       -0.9969936E+00
       -0.9999315E+00        0.2309557E-02       -0.9976220E+00
       -0.9999861E+00        0.1530158E-02       -0.9984559E+00
       -0.9999997E+00        0.1142660E-02       -0.9988571E+00
       -0.9992563E+00        0.6929481E-02       -0.9923268E+00
       -0.9991877E+00        0.6007567E-02       -0.9931801E+00
       -0.9991534E+00        0.4675004E-02       -0.9944784E+00
       -0.9990689E+00        0.2731570E-02       -0.9963373E+00
       -0.9989982E+00        0.2356783E-02       -0.9966414E+00
       -0.9989834E+00        0.2507118E-02       -0.9964763E+00
       -0.9989709E+00        0.2622547E-02       -0.9963484E+00
       -0.9990304E+00        0.3421545E-02       -0.9956089E+00
       -0.9991283E+00        0.4527755E-02       -0.9946006E+00
       -0.9992836E+00        0.5402701E-02       -0.9938809E+00
       -0.9994381E+00        0.3606515E-02       -0.9958316E+00
       -0.9995295E+00        0.2898243E-02       -0.9966313E+00
       -0.9996079E+00        0.2392410E-02       -0.9972155E+00
       -0.9996952E+00        0.1871579E-02       -0.9978237E+00
       -0.9997889E+00        0.2011932E-02       -0.9977769E+00
       -0.9998489E+00        0.1874163E-02       -0.9979747E+00
       -0.9998793E+00        0.1618930E-02       -0.9982603E+00
       -0.9998713E+00        0.2514407E-02       -0.9973569E+00
       -0.9998473E+00        0.1412326E-02       -0.9984350E+00
       -0.9998217E+00        0.6994626E-03       -0.9991223E+00
       -0.9999063E+00        0.5334106E-02       -0.9945722E+00
       -0.9999958E+00        0.7371680E-02       -0.9926241E+00
       -0.9999765E+00        0.7505226E-02       -0.9924712E+00
       -0.9998598E+00        0.6427911E-02       -0.9934318E+00
       -0.9996390E+00        0.6977416E-02       -0.9926616E+00
       -0.9992907E+00        0.5835115E-02       -0.9934556E+00
       -0.9987957E+00        0.8553448E-02       -0.9902423E+00
       -0.9981513E+00        0.7373824E-02       -0.9907775E+00
       -0.9975593E+00        0.5691118E-02       -0.9918682E+00
       -0.9970092E+00        0.3787172E-02       -0.9932221E+00
       -0.9965142E+00        0.2910558E-02       -0.9936037E+00
       -0.9961612E+00        0.2541421E-02       -0.9936198E+00
       -0.9959078E+00        0.2077836E-02       -0.9938299E+00
       -0.9958545E+00        0.2056084E-02       -0.9937984E+00
       -0.9958954E+00        0.2582323E-02       -0.9933131E+00
       -0.9959241E+00        0.1942721E-02       -0.9939814E+00
       -0.9961108E+00        0.1720394E-02       -0.9943904E+00
       -0.9964051E+00        0.2907199E-02       -0.9934979E+00
       -0.9967021E+00        0.2528904E-02       -0.9941732E+00
       -0.9969682E+00        0.2630415E-02       -0.9943378E+00
       -0.9978683E+00        0.5164323E-02       -0.9927040E+00
       -0.9970327E+00        0.3750665E-02       -0.9932820E+00
       -0.9962630E+00        0.2922103E-02       -0.9933409E+00
       -0.9957640E+00        0.2908313E-02       -0.9928557E+00
       -0.9954097E+00        0.1747490E-02       -0.9936622E+00
       -0.9952410E+00        0.1139886E-02       -0.9941011E+00
       -0.9951209E+00        0.1861371E-02       -0.9932595E+00
       -0.9950840E+00        0.9455097E-03       -0.9941384E+00
       -0.9952600E+00        0.6933004E-03       -0.9945667E+00
       -0.9957314E+00        0.1432405E-02       -0.9942990E+00
       -0.9963328E+00        0.2037527E-02       -0.9942953E+00
       -0.9971116E+00        0.2811140E-02       -0.9943005E+00
       -0.9978555E+00        0.3057294E-02       -0.9947982E+00
       -0.9985664E+00        0.4054325E-02       -0.9945121E+00
       -0.9991335E+00        0.3042583E-02       -0.9960910E+00
       -0.9995245E+00        0.2775674E-02       -0.9967488E+00
       -0.9998014E+00        0.2990534E-02       -0.9968109E+00
       -0.9999604E+00        0.3126459E-02       -0.9968340E+00
       -0.9999981E+00        0.3843825E-02       -0.9961542E+00
       -0.9999184E+00        0.2242648E-02       -0.9976757E+00
       -0.9999233E+00        0.2774289E-02       -0.9971490E+00
       -0.9999803E+00        0.2759248E-02       -0.9972211E+00
       -0.1000000E+01        0.2553950E-02       -0.9974460E+00
       -0.9999915E+00        0.1539426E-02       -0.9984520E+00
       -0.9999753E+00        0.9580943E-03       -0.9990172E+00
       -0.9999487E+00        0.1373172E-02       -0.9985755E+00
       -0.9999134E+00        0.1137195E-02       -0.9987762E+00
       -0.9998745E+00        0.1094532E-02       -0.9987800E+00
       -0.9998421E+00        0.1196921E-02       -0.9986452E+00
       -0.9997984E+00        0.1512135E-02       -0.9982863E+00
       -0.9997326E+00        0.1973974E-02       -0.9977586E+00
       -0.9996684E+00        0.1103898E-02       -0.9985645E+00
       -0.9996710E+00        0.1243048E-02       -0.9984279E+00
       -0.9996947E+00        0.1236472E-02       -0.9984582E+00
       -0.9996989E+00        0.1482425E-02       -0.9982165E+00
       -0.9996546E+00        0.1891543E-02       -0.9977631E+00
       -0.9996012E+00        0.1813672E-02       -0.9977875E+00
       -0.9995693E+00        0.1539449E-02       -0.9980298E+00
       -0.9995539E+00        0.1940207E-02       -0.9976137E+00
       -0.9995649E+00        0.1557519E-02       -0.9980074E+00
       -0.9999673E+00        0.6875448E-02       -0.9930919E+00
       -0.9999883E+00        0.5156070E-02       -0.9948322E+00
       -0.9999943E+00        0.2607414E-02       -0.9973869E+00
       -0.9999995E+00        0.3781476E-02       -0.9962180E+00
       -0.9999988E+00        0.4009189E-02       -0.9959896E+00
       -0.9999962E+00        0.4522180E-02       -0.9954740E+00
       -0.9999886E+00        0.5140638E-02       -0.9948480E+00
       -0.9999644E+00        0.4956413E-02       -0.9950080E+00
       -0.9999293E+00        0.6383083E-02       -0.9935462E+00
       -0.9999170E+00        0.6237884E-02       -0.9936791E+00
       -0.9999116E+00        0.7262402E-02       -0.9926492E+00
       -0.9999122E+00        0.5994880E-02       -0.9939173E+00
       -0.9999167E+00        0.4661828E-02       -0.9952549E+00
       -0.9999313E+00        0.6245523E-02       -0.9936858E+00
       -0.9999621E+00        0.5473809E-02       -0.9944883E+00
       -0.9999839E+00        0.5260811E-02       -0.9947231E+00
       -0.9999996E+00        0.6505209E-02       -0.9934943E+00
       -0.9999910E+00        0.5436360E-02       -0.9945547E+00
       -0.9999598E+00        0.5310244E-02       -0.9946495E+00
       -0.9999159E+00        0.5485625E-02       -0.9944303E+00
       -0.9998630E+00        0.6741172E-02       -0.9931218E+00
       -0.9998099E+00        0.7361684E-02       -0.9924482E+00
       -0.9997909E+00        0.1010687E-01       -0.9896841E+00
       -0.9998247E+00        0.1188167E-01       -0.9879430E+00
       -0.9998540E+00        0.1144735E-01       -0.9884066E+00
       -0.9998877E+00        0.1061183E-01       -0.9892759E+00
       -0.9999289E+00        0.9577474E-02       -0.9903514E+00
       -0.9999526E+00        0.1151634E-01       -0.9884362E+00
       -0.9999741E+00        0.1128850E-01       -0.9886856E+00
       -0.9999793E+00        0.9543994E-02       -0.9904353E+00
       -0.9999847E+00        0.1033271E-01       -0.9896520E+00
       -0.9999963E+00        0.9675634E-02       -0.9903207E+00
       -0.9999999E+00        0.8693132E-02       -0.9913067E+00
       -0.9999999E+00        0.9175847E-02       -0.9908240E+00
       -0.9999988E+00        0.1161042E-01       -0.9883884E+00
       -0.9999942E+00        0.1239948E-01       -0.9875947E+00
       -0.9999808E+00        0.1288477E-01       -0.9870960E+00
       -0.9999553E+00        0.1245278E-01       -0.9875026E+00
       -0.9999216E+00        0.9890422E-02       -0.9900312E+00
       -0.9999050E+00        0.7631832E-02       -0.9922732E+00
       -0.9998764E+00        0.5295976E-02       -0.9945804E+00
       -0.9998576E+00        0.4524640E-02       -0.9953330E+00
       -0.9998761E+00        0.3515686E-02       -0.9963604E+00
       -0.9998928E+00        0.3280725E-02       -0.9966121E+00
       -0.9999033E+00        0.2553241E-02       -0.9973501E+00
       -0.9999277E+00        0.2085649E-02       -0.9978421E+00
       -0.9999485E+00        0.1810606E-02       -0.9981379E+00
       -0.9999687E+00        0.2030179E-02       -0.9979385E+00
       -0.9999710E+00        0.1147940E-02       -0.9988230E+00
       -0.9999598E+00        0.1590027E-02       -0.9983698E+00
       -0.9999224E+00        0.9879951E-03       -0.9989344E+00
       -0.9999068E+00        0.4888337E-03       -0.9994179E+00
       -0.9998969E+00        0.1435787E-03       -0.9997533E+00
       -0.9998822E+00        0.5818530E-04       -0.9998240E+00
       -0.9998603E+00        0.4297393E-03       -0.9994306E+00
       -0.9998014E+00        0.6755128E-03       -0.9991259E+00
       -0.9997032E+00        0.1017365E-02       -0.9986859E+00
       -0.9995589E+00        0.9290876E-03       -0.9986298E+00
       -0.9994398E+00        0.3726317E-03       -0.9990672E+00
       -0.9993580E+00        0.2688908E-03       -0.9990892E+00
       -0.9999768E+00        0.3074225E-02       -0.9969026E+00
       -0.9999958E+00        0.4518346E-02       -0.9954775E+00
       -0.9998970E+00        0.4360709E-02       -0.9955363E+00
       -0.9996578E+00        0.5644962E-02       -0.9940128E+00
       -0.9992890E+00        0.5986381E-02       -0.9933026E+00
       -0.9988185E+00        0.4835860E-02       -0.9939826E+00
       -0.9983476E+00        0.3185306E-02       -0.9951622E+00
       -0.9978601E+00        0.3555270E-02       -0.9943048E+00
       -0.9974030E+00        0.2314201E-02       -0.9950888E+00
       -0.9970619E+00        0.1475381E-02       -0.9955865E+00
       -0.9968174E+00        0.1371864E-02       -0.9954456E+00
       -0.9967792E+00        0.1594764E-02       -0.9951844E+00
       -0.9967952E+00        0.1169612E-02       -0.9956256E+00
       -0.9968534E+00        0.8343684E-03       -0.9960191E+00
       -0.9970792E+00        0.5051736E-03       -0.9965740E+00
       -0.9974681E+00        0.9953275E-03       -0.9964728E+00
       -0.9979004E+00        0.1086852E-02       -0.9968136E+00
       -0.9983604E+00        0.1382296E-02       -0.9969781E+00
       -0.9987793E+00        0.2173279E-02       -0.9966060E+00
       -0.9991776E+00        0.2226496E-02       -0.9969511E+00
