       -0.1125977E-02        0.8128709E+01        0.8127583E+01        0.3144306E+03
       -0.1741374E-02        0.7241323E+01        0.7239582E+01        0.2801052E+03
       -0.4043514E-02        0.8093135E+01        0.8089092E+01        0.3130546E+03
       -0.9440958E-02        0.6846623E+01        0.6837182E+01        0.2648376E+03
       -0.4998045E-02        0.8420968E+01        0.8415970E+01        0.3257356E+03
       -0.6144908E-02        0.7640139E+01        0.7633994E+01        0.2955320E+03
       -0.1086527E-01        0.7211825E+01        0.7200960E+01        0.2789642E+03
       -0.6113613E-02        0.7921791E+01        0.7915678E+01        0.3064267E+03
       -0.1021287E-01        0.7174534E+01        0.7164322E+01        0.2775217E+03
        0.1466864E-02        0.7721990E+01        0.7723457E+01        0.2986981E+03
       -0.4032694E-02        0.8038410E+01        0.8034377E+01        0.3109377E+03
       -0.8985598E-02        0.7522639E+01        0.7513653E+01        0.2909869E+03
       -0.1351376E-01        0.7570308E+01        0.7556794E+01        0.2928308E+03
       -0.1387310E-01        0.8486649E+01        0.8472776E+01        0.3282763E+03
       -0.1558857E-01        0.6604076E+01        0.6588488E+01        0.2554555E+03
       -0.1359682E-01        0.7344329E+01        0.7330732E+01        0.2840896E+03
       -0.9026494E-02        0.7492863E+01        0.7483837E+01        0.2898351E+03
       -0.9916825E-02        0.7333034E+01        0.7323117E+01        0.2836527E+03
       -0.1062865E-01        0.7551335E+01        0.7540706E+01        0.2920969E+03
       -0.6028812E-02        0.7336862E+01        0.7330833E+01        0.2838008E+03
       -0.1343207E-01        0.8403231E+01        0.8389799E+01        0.3250495E+03
       -0.9795553E-02        0.7827753E+01        0.7817957E+01        0.3027892E+03
        0.2171318E-03        0.7126255E+01        0.7126473E+01        0.2756542E+03
       -0.3387478E-02        0.8755310E+01        0.8751922E+01        0.3386685E+03
       -0.1582247E-01        0.7276551E+01        0.7260728E+01        0.2814679E+03
       -0.1361387E-01        0.7218811E+01        0.7205197E+01        0.2792344E+03
       -0.8999748E-02        0.6987719E+01        0.6978719E+01        0.2702954E+03
       -0.1202806E-01        0.9121899E+01        0.9109871E+01        0.3528487E+03
       -0.2497487E-03        0.7968261E+01        0.7968012E+01        0.3082243E+03
       -0.5778739E-02        0.7192677E+01        0.7186899E+01        0.2782235E+03
       -0.9096679E-02        0.8065683E+01        0.8056586E+01        0.3119927E+03
       -0.7952352E-02        0.8084610E+01        0.8076658E+01        0.3127248E+03
       -0.8503222E-02        0.7438968E+01        0.7430465E+01        0.2877504E+03
       -0.1378597E-01        0.8720504E+01        0.8706718E+01        0.3373221E+03
       -0.8234270E-02        0.7717188E+01        0.7708954E+01        0.2985124E+03
        0.9275934E-02        0.8902932E+01        0.8912208E+01        0.3443787E+03
       -0.1071708E-01        0.8111161E+01        0.8100444E+01        0.3137518E+03
       -0.1399574E-01        0.7906545E+01        0.7892549E+01        0.3058370E+03
       -0.9837021E-02        0.8246264E+01        0.8236427E+01        0.3189778E+03
       -0.1837084E-01        0.7366077E+01        0.7347707E+01        0.2849309E+03
       -0.1339910E-01        0.7878147E+01        0.7864748E+01        0.3047385E+03
        0.3798766E-01        0.8119874E+01        0.8157862E+01        0.3140889E+03
       -0.1329303E-01        0.8293293E+01        0.8279999E+01        0.3207970E+03
       -0.1379952E-01        0.7581360E+01        0.7567561E+01        0.2932584E+03
        0.1715607E-01        0.7382905E+01        0.7400061E+01        0.2855818E+03
       -0.1239754E-01        0.7664792E+01        0.7652395E+01        0.2964856E+03
        0.1415057E-02        0.8275714E+01        0.8277129E+01        0.3201170E+03
       -0.1533038E-01        0.7970965E+01        0.7955635E+01        0.3083288E+03
        0.1515227E-01        0.8501795E+01        0.8516947E+01        0.3288621E+03
       -0.7959712E-02        0.7691679E+01        0.7683720E+01        0.2975257E+03
        0.1323068E-01        0.7744122E+01        0.7757352E+01        0.2995542E+03
       -0.1232937E-01        0.7259762E+01        0.7247432E+01        0.2808184E+03
       -0.1550168E-01        0.7359929E+01        0.7344427E+01        0.2846931E+03
       -0.1544353E-01        0.7305067E+01        0.7289624E+01        0.2825709E+03
        0.9325709E-02        0.7939879E+01        0.7949205E+01        0.3071264E+03
       -0.8919956E-02        0.8068915E+01        0.8059995E+01        0.3121177E+03
       -0.1182353E-01        0.7368257E+01        0.7356434E+01        0.2850152E+03
       -0.6156469E-02        0.7028247E+01        0.7022091E+01        0.2718631E+03
       -0.1110618E-01        0.7771499E+01        0.7760393E+01        0.3006132E+03
        0.6299152E-02        0.8475683E+01        0.8481983E+01        0.3278521E+03
       -0.1302626E-01        0.8149617E+01        0.8136590E+01        0.3152394E+03
        0.1022253E-01        0.7293764E+01        0.7303986E+01        0.2821337E+03
        0.3687603E-01        0.8318114E+01        0.8354990E+01        0.3217571E+03
       -0.1108149E-01        0.8816329E+01        0.8805247E+01        0.3410288E+03
       -0.9791175E-02        0.7100732E+01        0.7090941E+01        0.2746669E+03
       -0.8055653E-02        0.7377495E+01        0.7369439E+01        0.2853725E+03
       -0.1244983E-01        0.7673178E+01        0.7660728E+01        0.2968100E+03
        0.1849308E-01        0.7531967E+01        0.7550460E+01        0.2913477E+03
       -0.9944030E-02        0.7493222E+01        0.7483278E+01        0.2898490E+03
        0.2409510E-01        0.7590069E+01        0.7614164E+01        0.2935952E+03
        0.3208857E-01        0.7022777E+01        0.7054865E+01        0.2716515E+03
       -0.1268611E-01        0.7350074E+01        0.7337388E+01        0.2843118E+03
       -0.4046226E-02        0.8117810E+01        0.8113764E+01        0.3140090E+03
       -0.9477963E-02        0.8137074E+01        0.8127597E+01        0.3147542E+03
       -0.1401897E-01        0.8125905E+01        0.8111886E+01        0.3143222E+03
       -0.4981412E-02        0.7894126E+01        0.7889145E+01        0.3053566E+03
       -0.6613890E-02        0.7627780E+01        0.7621166E+01        0.2950539E+03
       -0.1078201E-01        0.8365592E+01        0.8354810E+01        0.3235936E+03
       -0.8687650E-02        0.7560427E+01        0.7551739E+01        0.2924486E+03
        0.5876934E-02        0.7805884E+01        0.7811761E+01        0.3019433E+03
       -0.1837479E-01        0.7199280E+01        0.7180905E+01        0.2784789E+03
       -0.1507445E-01        0.8231700E+01        0.8216626E+01        0.3184145E+03
        0.9528440E-02        0.7373266E+01        0.7382794E+01        0.2852089E+03
       -0.1162697E-01        0.7200297E+01        0.7188670E+01        0.2785183E+03
        0.1952548E-02        0.7643748E+01        0.7645700E+01        0.2956716E+03
       -0.9500917E-02        0.7353620E+01        0.7344119E+01        0.2844490E+03
        0.4829206E-01        0.6787784E+01        0.6836076E+01        0.2625616E+03
       -0.1140535E-01        0.8022603E+01        0.8011198E+01        0.3103263E+03
       -0.1094911E-01        0.7385148E+01        0.7374199E+01        0.2856686E+03
       -0.1175272E-01        0.8324679E+01        0.8312927E+01        0.3220110E+03
       -0.6255814E-02        0.7679333E+01        0.7673077E+01        0.2970481E+03
       -0.1102568E-01        0.7362127E+01        0.7351102E+01        0.2847781E+03
       -0.1974396E-01        0.7027498E+01        0.7007754E+01        0.2718341E+03
        0.1035460E-01        0.7690185E+01        0.7700539E+01        0.2974678E+03
       -0.1504115E-01        0.7358841E+01        0.7343800E+01        0.2846510E+03
        0.6526062E-01        0.7885157E+01        0.7950417E+01        0.3050097E+03
       -0.7343253E-02        0.7526332E+01        0.7518989E+01        0.2911298E+03
       -0.1825702E-01        0.7621423E+01        0.7603166E+01        0.2948080E+03
       -0.1852569E-02        0.7940987E+01        0.7939134E+01        0.3071693E+03
       -0.1439853E-01        0.6803240E+01        0.6788841E+01        0.2631595E+03
